# # E, beta, alpha, status_bad_yz, D2_yz, status_bad_zx, D2_zx
0.000000000000000000e+00 -1.491884568830005264e+01 -4.870981805746749842e+02 1.000000000000000000e+00 1.391884568830005264e+01 1.000000000000000000e+00 4.721793348863749316e+02
0.000000000000000000e+00 -7.370269343010699004e+01 -1.007910117925979705e+02 1.000000000000000000e+00 7.270269343010699004e+01 1.000000000000000000e+00 2.708831836249098046e+01
0.000000000000000000e+00 -3.763873057280002286e+02 -5.315875449655002285e+02 1.000000000000000000e+00 3.753873057280002286e+02 1.000000000000000000e+00 1.552002392374999999e+02
0.000000000000000000e+00 -3.726074131132995717e+02 -5.227894613380999544e+02 1.000000000000000000e+00 3.716074131132995717e+02 1.000000000000000000e+00 1.501820482248003827e+02
0.000000000000000000e+00 -2.489866756855990388e+02 -3.287163372250993234e+02 1.000000000000000000e+00 2.479866756855990388e+02 1.000000000000000000e+00 7.972966153950028456e+01
0.000000000000000000e+00 -1.332055989799991949e+02 -1.760956525639985557e+02 1.000000000000000000e+00 1.322055989799991949e+02 1.000000000000000000e+00 4.289005358399936085e+01
0.000000000000000000e+00 -5.592384166210104013e+01 -7.359998999810159148e+01 1.000000000000000000e+00 5.492384166210104013e+01 1.000000000000000000e+00 1.767614833600055135e+01
0.000000000000000000e+00 -2.272872502720201737e+01 -3.875839102570171235e+01 1.000000000000000000e+00 2.172872502720201737e+01 1.000000000000000000e+00 1.602966599849969498e+01
0.000000000000000000e+00 -6.447827886610321002e+01 -9.689827088490164897e+01 1.000000000000000000e+00 6.347827886610321002e+01 1.000000000000000000e+00 3.241999201879843895e+01
0.000000000000000000e+00 -1.342086381935005193e+02 -3.153254228828009218e+02 1.000000000000000000e+00 1.332086381935005193e+02 1.000000000000000000e+00 1.811167846893004025e+02
0.000000000000000000e+00 -1.700408997080012341e+02 -2.224454195175057976e+02 1.000000000000000000e+00 1.690408997080012341e+02 1.000000000000000000e+00 5.240451980950456345e+01
0.000000000000000000e+00 -1.794053778084999067e+02 -2.702487420460092835e+02 1.000000000000000000e+00 1.784053778084999067e+02 1.000000000000000000e+00 9.084336423750937684e+01
0.000000000000000000e+00 -2.170032955696078716e+02 -2.957773113088114769e+02 1.000000000000000000e+00 2.160032955696078716e+02 1.000000000000000000e+00 7.877401573920360534e+01
0.000000000000000000e+00 -2.574988432000027387e+02 -3.361913651499999105e+02 1.000000000000000000e+00 2.564988432000027387e+02 1.000000000000000000e+00 7.869252194999717176e+01
0.000000000000000000e+00 -2.533520893099994282e+02 -3.433008162300029653e+02 1.000000000000000000e+00 2.523520893099994282e+02 1.000000000000000000e+00 8.994872692000353709e+01
0.000000000000000000e+00 -2.544627654299983988e+02 -3.065686765399950673e+02 1.000000000000000000e+00 2.534627654299983988e+02 1.000000000000000000e+00 5.210591110999666853e+01
0.000000000000000000e+00 -2.914326722800033167e+02 -3.494118443100087461e+02 1.000000000000000000e+00 2.904326722800033167e+02 1.000000000000000000e+00 5.797917203000542941e+01
0.000000000000000000e+00 -3.370611487199930707e+02 -4.344379576799983624e+02 1.000000000000000000e+00 3.360611487199930707e+02 1.000000000000000000e+00 9.737680896000529174e+01
0.000000000000000000e+00 -2.896835266699781641e+02 -3.942613539499579929e+02 1.000000000000000000e+00 2.886835266699781641e+02 1.000000000000000000e+00 1.045778272799798287e+02
0.000000000000000000e+00 -3.175056916000175988e+02 -4.014453098500234773e+02 1.000000000000000000e+00 3.165056916000175988e+02 1.000000000000000000e+00 8.393961825000587851e+01
0.000000000000000000e+00 -3.209339494000014383e+02 -4.264249104299960891e+02 1.000000000000000000e+00 3.199339494000014383e+02 1.000000000000000000e+00 1.054909610299946507e+02
0.000000000000000000e+00 -3.364146795599808684e+02 -4.329864032499899622e+02 1.000000000000000000e+00 3.354146795599808684e+02 1.000000000000000000e+00 9.657172369000909384e+01
0.000000000000000000e+00 -3.136771376500546467e+02 -4.268872728900314542e+02 1.000000000000000000e+00 3.126771376500546467e+02 1.000000000000000000e+00 1.132101352399768075e+02
0.000000000000000000e+00 -3.624468491199804703e+02 -4.518829602400073782e+02 1.000000000000000000e+00 3.614468491199804703e+02 1.000000000000000000e+00 8.943611112002690788e+01
0.000000000000000000e+00 -3.265033272399741691e+02 -4.525880938500049524e+02 1.000000000000000000e+00 3.255033272399741691e+02 1.000000000000000000e+00 1.260847666100307833e+02
0.000000000000000000e+00 -3.459858035600336734e+02 -4.870137206100334879e+02 1.000000000000000000e+00 3.449858035600336734e+02 1.000000000000000000e+00 1.410279170499998145e+02
0.000000000000000000e+00 -4.157860689699882641e+02 -4.197674801800167188e+02 1.000000000000000000e+00 4.147860689699882641e+02 1.000000000000000000e+00 3.981411210028454661e+00
0.000000000000000000e+00 -2.652466574000136461e+02 -3.692182666799635626e+02 1.000000000000000000e+00 2.642466574000136461e+02 1.000000000000000000e+00 1.039716092799499165e+02
0.000000000000000000e+00 -3.995515288300521206e+02 -5.355488442700298037e+02 1.000000000000000000e+00 3.985515288300521206e+02 1.000000000000000000e+00 1.359973154399776831e+02
0.000000000000000000e+00 -4.088050261599710211e+02 -5.237290142399724573e+02 1.000000000000000000e+00 4.078050261599710211e+02 1.000000000000000000e+00 1.149239880800014362e+02
0.000000000000000000e+00 -3.555002769100246951e+02 -3.594377853100595530e+02 1.000000000000000000e+00 3.545002769100246951e+02 1.000000000000000000e+00 3.937508400034857914e+00
0.000000000000000000e+00 -8.147137961599510163e+02 -8.857294089899805840e+02 1.000000000000000000e+00 8.137137961599510163e+02 1.000000000000000000e+00 7.101561283002956770e+01
