-3.109304e+05 -2.277238e+01 -5.282812e+01 -1.000000e+00 1.000000e-01 0.000000e+00 0.000000e+00 0.000000e+00 
-2.420645e+05 -1.811219e+01 -3.304474e+01 -1.000000e+00 6.346875e+00 0.000000e+00 0.000000e+00 0.000000e+00 
-1.983936e+05 -1.080134e+01 -4.106607e+01 -1.000000e+00 1.259375e+01 0.000000e+00 0.000000e+00 0.000000e+00 
-1.693259e+05 -1.402288e+01 -5.679649e+01 -1.000000e+00 1.884063e+01 0.000000e+00 0.000000e+00 0.000000e+00 
-1.474899e+05 -1.219240e+01 -6.577873e+01 -1.000000e+00 2.508750e+01 0.000000e+00 0.000000e+00 0.000000e+00 
-1.306139e+05 -9.950547e+00 -7.455709e+01 -1.000000e+00 3.133438e+01 0.000000e+00 0.000000e+00 0.000000e+00 
-1.162514e+05 -8.138193e+00 -8.429585e+01 -1.000000e+00 3.758125e+01 0.000000e+00 0.000000e+00 0.000000e+00 
-1.049101e+05 -5.375531e+00 -9.347407e+01 -1.000000e+00 4.382812e+01 0.000000e+00 0.000000e+00 0.000000e+00 
-9.509848e+04 -2.965182e+00 -1.031099e+02 -1.000000e+00 5.007500e+01 0.000000e+00 0.000000e+00 0.000000e+00 
-8.826395e+04 -6.212310e+00 -1.186363e+02 -1.000000e+00 5.632188e+01 0.000000e+00 0.000000e+00 0.000000e+00 
-8.124083e+04 -6.730086e+00 -1.314450e+02 -1.000000e+00 6.256875e+01 0.000000e+00 0.000000e+00 0.000000e+00 
-7.489999e+04 -1.282234e+01 -1.500362e+02 -1.000000e+00 6.881562e+01 0.000000e+00 0.000000e+00 0.000000e+00 
-6.983904e+04 -8.263069e+00 -1.578553e+02 -1.000000e+00 7.506250e+01 0.000000e+00 0.000000e+00 0.000000e+00 
-6.591443e+04 -9.034662e+00 -1.709652e+02 -1.000000e+00 8.130938e+01 0.000000e+00 0.000000e+00 0.000000e+00 
-6.226470e+04 -1.159112e+01 -1.861344e+02 -1.000000e+00 8.755625e+01 0.000000e+00 0.000000e+00 0.000000e+00 
-5.885627e+04 -9.886328e+00 -1.968846e+02 -1.000000e+00 9.380312e+01 0.000000e+00 0.000000e+00 0.000000e+00 
-5.552795e+04 -9.982809e+00 -2.094702e+02 -1.000000e+00 1.000500e+02 0.000000e+00 0.000000e+00 0.000000e+00 
-5.251323e+04 -1.078704e+01 -2.227810e+02 -1.000000e+00 1.062969e+02 0.000000e+00 0.000000e+00 0.000000e+00 
-4.982412e+04 -1.090230e+01 -2.353885e+02 -1.000000e+00 1.125438e+02 0.000000e+00 0.000000e+00 0.000000e+00 
-4.754269e+04 -1.268879e+01 -2.496925e+02 -1.000000e+00 1.187906e+02 0.000000e+00 0.000000e+00 0.000000e+00 
-4.551593e+04 -1.341868e+01 -2.628352e+02 -1.000000e+00 1.250375e+02 0.000000e+00 0.000000e+00 0.000000e+00 
-4.368815e+04 -1.186372e+01 -2.738041e+02 -1.000000e+00 1.312844e+02 0.000000e+00 0.000000e+00 0.000000e+00 
-4.144523e+04 -1.127239e+01 -2.856353e+02 -1.000000e+00 1.375312e+02 0.000000e+00 0.000000e+00 0.000000e+00 
-4.057295e+04 -1.331753e+01 -3.003051e+02 -1.000000e+00 1.437781e+02 0.000000e+00 0.000000e+00 0.000000e+00 
-3.911002e+04 -1.248752e+01 -3.119118e+02 -1.000000e+00 1.500250e+02 0.000000e+00 0.000000e+00 0.000000e+00 
-3.779192e+04 -1.170715e+01 -3.236853e+02 -1.000000e+00 1.562719e+02 0.000000e+00 0.000000e+00 0.000000e+00 
-3.618788e+04 -1.274709e+01 -3.372417e+02 -1.000000e+00 1.625188e+02 0.000000e+00 0.000000e+00 0.000000e+00 
-3.520385e+04 -1.175562e+01 -3.487241e+02 -1.000000e+00 1.687656e+02 0.000000e+00 0.000000e+00 0.000000e+00 
-3.406330e+04 -1.239623e+01 -3.618175e+02 -1.000000e+00 1.750125e+02 0.000000e+00 0.000000e+00 0.000000e+00 
-3.261312e+04 -1.393412e+01 -3.758893e+02 -1.000000e+00 1.812594e+02 0.000000e+00 0.000000e+00 0.000000e+00 
-3.184526e+04 -1.443366e+01 -3.889529e+02 -1.000000e+00 1.875062e+02 0.000000e+00 0.000000e+00 0.000000e+00 
-3.121200e+04 -1.515122e+01 -4.021572e+02 -1.000000e+00 1.937531e+02 0.000000e+00 0.000000e+00 0.000000e+00 
