    1.0000000000000E-02   0.0000000000000E+00
   -0.0000000000000E+00  -1.8248140168622E+01
    0.0000000000000E+00   0.0000000000000E+00
    0.0000000000000E+00   0.0000000000000E+00
   -0.0000000000000E+00   2.6438285361898E+00
    1.2120598117044E-01   4.1569658875305E-02
   -5.3107408377302E-02  -1.4063867653264E-01
    0.0000000000000E+00   0.0000000000000E+00
    0.0000000000000E+00   0.0000000000000E+00
    0.0000000000000E+00   0.0000000000000E+00
    0.0000000000000E+00   0.0000000000000E+00
   -0.0000000000000E+00  -1.0988555661104E+00
    8.4304044923894E-02  -8.1597785786167E-02
   -5.7427335031293E-02   2.9427635515405E-02
    1.7664612823249E-02  -7.8991348758264E-03
    4.4071534689115E-03  -9.9726764148147E-04
    0.0000000000000E+00   0.0000000000000E+00
    0.0000000000000E+00   0.0000000000000E+00
    0.0000000000000E+00   0.0000000000000E+00
    0.0000000000000E+00   0.0000000000000E+00
    0.0000000000000E+00   0.0000000000000E+00
    0.0000000000000E+00   0.0000000000000E+00
   -0.0000000000000E+00   5.8939854508974E+00
    1.2619362149486E-01  -4.9617054178809E-01
    2.3731964332741E-01   5.9075616456385E-02
    5.2567025622720E-02   2.0048739056803E-02
    4.8333180353031E-03   5.9026956759973E-03
    1.1274226002822E-03  -1.1515891271705E-03
   -3.5182035931969E-04  -1.4828299420681E-04
    0.0000000000000E+00   0.0000000000000E+00
    0.0000000000000E+00   0.0000000000000E+00
    0.0000000000000E+00   0.0000000000000E+00
    0.0000000000000E+00   0.0000000000000E+00
    0.0000000000000E+00   0.0000000000000E+00
    0.0000000000000E+00   0.0000000000000E+00
    0.0000000000000E+00   0.0000000000000E+00
    0.0000000000000E+00   0.0000000000000E+00
   -0.0000000000000E+00   6.7522369421247E+01
   -1.0217455643500E+01  -5.5677120632450E+00
    6.8108194215661E-01  -5.3745857645909E-01
   -8.5789956621416E-02   2.4093244910641E-02
    1.5096923758308E-02  -1.4304926630645E-02
   -3.8438636673190E-03  -7.9393719996353E-04
   -4.2039369900649E-04   3.1815363810078E-04
   -1.2433258353679E-04  -1.4066448852661E-04
   -1.2175594785153E-06   6.5557704846013E-06
    0.0000000000000E+00   0.0000000000000E+00
    0.0000000000000E+00   0.0000000000000E+00
    0.0000000000000E+00   0.0000000000000E+00
    0.0000000000000E+00   0.0000000000000E+00
    0.0000000000000E+00   0.0000000000000E+00
    0.0000000000000E+00   0.0000000000000E+00
    0.0000000000000E+00   0.0000000000000E+00
    0.0000000000000E+00   0.0000000000000E+00
    0.0000000000000E+00   0.0000000000000E+00
    0.0000000000000E+00   0.0000000000000E+00
   -0.0000000000000E+00  -4.4123571473512E+01
   -6.8286895038014E+01   1.5056892564834E+02
   -9.3962332495895E+00  -1.3079159978212E+01
    9.8100395674269E-01   2.2283713817705E+00
    9.7147609526284E-02   7.9392960819649E-02
   -2.5185696102036E-03  -1.0900564923405E-02
    1.0900131835383E-03  -1.2806948244997E-04
   -9.1840922056556E-05  -1.0911991016002E-04
    1.5780811267229E-05  -1.4985323893567E-05
    6.7667702643737E-06  -5.0483000384363E-06
   -1.0779972416769E-07  -1.6027044855918E-06
   -0.0000000000000E+00  -7.4605862332992E+00
    0.0000000000000E+00   0.0000000000000E+00
    0.0000000000000E+00   0.0000000000000E+00
   -0.0000000000000E+00   1.2537350214099E+00
    7.0667289910302E-02   1.8185738514143E-02
   -1.6800479418031E-02  -6.8847271250834E-02
    0.0000000000000E+00   0.0000000000000E+00
    0.0000000000000E+00   0.0000000000000E+00
    0.0000000000000E+00   0.0000000000000E+00
    0.0000000000000E+00   0.0000000000000E+00
   -0.0000000000000E+00  -5.3276882020185E-01
    1.2498672578824E-02  -6.6676679743952E-02
   -3.1617427862412E-05  -1.2052124196008E-02
   -2.4655721447342E-03   2.0552081987664E-03
   -1.4944701344045E-03  -3.5289603422349E-04
    0.0000000000000E+00   0.0000000000000E+00
    0.0000000000000E+00   0.0000000000000E+00
    0.0000000000000E+00   0.0000000000000E+00
    0.0000000000000E+00   0.0000000000000E+00
    0.0000000000000E+00   0.0000000000000E+00
    0.0000000000000E+00   0.0000000000000E+00
   -0.0000000000000E+00   1.8658190678062E-02
   -1.9293490748093E-01  -6.1554957859658E-02
   -5.5334086468795E-03  -2.4448564737272E-02
    2.3865182217032E-03   4.9843443196830E-03
    6.6427813873159E-04   5.6545562933287E-05
    1.2038992904256E-06  -2.5489569193223E-04
   -1.0251969171973E-04  -2.5749499644280E-05
    0.0000000000000E+00   0.0000000000000E+00
    0.0000000000000E+00   0.0000000000000E+00
    0.0000000000000E+00   0.0000000000000E+00
    0.0000000000000E+00   0.0000000000000E+00
    0.0000000000000E+00   0.0000000000000E+00
    0.0000000000000E+00   0.0000000000000E+00
    0.0000000000000E+00   0.0000000000000E+00
    0.0000000000000E+00   0.0000000000000E+00
   -0.0000000000000E+00  -2.4425919278725E+00
    1.4107426469141E+00   2.4340812625529E+00
    5.9116912348851E-02  -6.2237216643506E-02
   -1.4534024816947E-02  -2.0339092914321E-03
   -4.1453861498388E-03  -8.4177070312623E-04
   -1.9319765424491E-04  -5.1367362941381E-04
   -1.0369015923036E-04   5.9531314331270E-05
   -2.6774400998251E-06  -3.6849335330821E-05
   -1.4218072271376E-06  -3.3871091947811E-07
    0.0000000000000E+00   0.0000000000000E+00
    0.0000000000000E+00   0.0000000000000E+00
    0.0000000000000E+00   0.0000000000000E+00
    0.0000000000000E+00   0.0000000000000E+00
    0.0000000000000E+00   0.0000000000000E+00
    0.0000000000000E+00   0.0000000000000E+00
    0.0000000000000E+00   0.0000000000000E+00
    0.0000000000000E+00   0.0000000000000E+00
    0.0000000000000E+00   0.0000000000000E+00
    0.0000000000000E+00   0.0000000000000E+00
   -0.0000000000000E+00   9.9203091429405E+00
   -1.0603703766516E+01  -1.5281554761268E+01
   -1.8315800606089E+00  -7.7903210894604E-01
    8.2697369499276E-02   1.3680389861430E-01
    2.6945000352373E-02   2.4344892112758E-02
   -2.6543769619500E-04   1.8247356427288E-04
    1.9382942436761E-04  -2.8876863631334E-04
   -1.8114673295847E-05  -1.8125899567383E-05
    3.0843375692030E-06  -8.0328988430652E-07
   -6.6669102162829E-07   3.3621108811247E-07
    2.4249743009193E-08   6.9570180829174E-08
   -0.0000000000000E+00  -3.7155406548802E+00
    0.0000000000000E+00   0.0000000000000E+00
    0.0000000000000E+00   0.0000000000000E+00
   -0.0000000000000E+00   6.5360862168085E-01
    3.6898442185695E-02   5.2565549435119E-03
   -3.8022808777932E-03  -3.4027499390451E-02
    0.0000000000000E+00   0.0000000000000E+00
    0.0000000000000E+00   0.0000000000000E+00
    0.0000000000000E+00   0.0000000000000E+00
    0.0000000000000E+00   0.0000000000000E+00
   -0.0000000000000E+00  -3.0067793916237E-01
   -1.9095281074713E-02  -3.2294585355375E-02
    7.5910513324870E-04   1.1076000723152E-03
   -8.4515523297277E-04   6.6372637383984E-05
    1.5934781115998E-04  -9.2790358776242E-05
    0.0000000000000E+00   0.0000000000000E+00
    0.0000000000000E+00   0.0000000000000E+00
    0.0000000000000E+00   0.0000000000000E+00
    0.0000000000000E+00   0.0000000000000E+00
    0.0000000000000E+00   0.0000000000000E+00
    0.0000000000000E+00   0.0000000000000E+00
   -0.0000000000000E+00   4.9266847464791E-01
   -8.5406674725650E-02   8.6417747023662E-02
    3.0449624331639E-03   1.1781163597623E-02
    2.7909584071387E-04   7.8768606443020E-04
   -3.5009878570122E-05   7.3813737092194E-05
   -1.1529290537727E-04  -1.7861023710383E-04
   -7.8641583101304E-06  -3.6979912365606E-05
    0.0000000000000E+00   0.0000000000000E+00
    0.0000000000000E+00   0.0000000000000E+00
    0.0000000000000E+00   0.0000000000000E+00
    0.0000000000000E+00   0.0000000000000E+00
    0.0000000000000E+00   0.0000000000000E+00
    0.0000000000000E+00   0.0000000000000E+00
    0.0000000000000E+00   0.0000000000000E+00
    0.0000000000000E+00   0.0000000000000E+00
   -0.0000000000000E+00  -5.9725611775518E-01
    5.5402692691715E-02   2.3155760529275E-01
   -1.1939817618395E-01  -3.9652689217612E-02
   -9.7919268843408E-03  -7.5961483818473E-03
   -1.8947639917424E-03   6.7997400237451E-04
    2.8620303688206E-05  -1.9115567026196E-04
   -2.6357151525406E-05  -1.4069381556941E-05
    1.0391187301352E-05   1.5942659569720E-06
    1.0359555731205E-06  -6.3461166814828E-07
    0.0000000000000E+00   0.0000000000000E+00
    0.0000000000000E+00   0.0000000000000E+00
    0.0000000000000E+00   0.0000000000000E+00
    0.0000000000000E+00   0.0000000000000E+00
    0.0000000000000E+00   0.0000000000000E+00
    0.0000000000000E+00   0.0000000000000E+00
    0.0000000000000E+00   0.0000000000000E+00
    0.0000000000000E+00   0.0000000000000E+00
    0.0000000000000E+00   0.0000000000000E+00
    0.0000000000000E+00   0.0000000000000E+00
   -0.0000000000000E+00  -2.2918531877952E+01
   -6.2309368033340E+00  -7.8593208625000E+00
   -1.7981375523572E-01   9.7877528706388E-02
   -2.5070282304874E-02  -2.4270556515333E-03
    9.3644054251451E-03   2.8355337983930E-03
    4.8653502664041E-05   1.9885871673996E-04
   -6.1132444762945E-05  -3.2113710454543E-05
    2.2947605978914E-06  -1.2767723003236E-05
    9.5471696335950E-07   6.9075304116768E-07
    5.9198282338174E-08   1.1219928190946E-07
    2.7517074815725E-09   1.3360489405906E-09
   -0.0000000000000E+00  -2.0371743179385E+00
    0.0000000000000E+00   0.0000000000000E+00
    0.0000000000000E+00   0.0000000000000E+00
   -0.0000000000000E+00   3.5296205368399E-01
    1.9653385292443E-02   7.2761031969316E-04
   -1.9762584923941E-03  -1.7524052862662E-02
    0.0000000000000E+00   0.0000000000000E+00
    0.0000000000000E+00   0.0000000000000E+00
    0.0000000000000E+00   0.0000000000000E+00
    0.0000000000000E+00   0.0000000000000E+00
   -0.0000000000000E+00  -1.5380151296281E-01
   -1.0830607198579E-02  -7.9675294290592E-03
    1.2765676449753E-03   9.0710379919797E-04
   -4.4128684234286E-04   1.6432003144104E-04
    1.2863205313095E-05   1.4174030409263E-05
    0.0000000000000E+00   0.0000000000000E+00
    0.0000000000000E+00   0.0000000000000E+00
    0.0000000000000E+00   0.0000000000000E+00
    0.0000000000000E+00   0.0000000000000E+00
    0.0000000000000E+00   0.0000000000000E+00
    0.0000000000000E+00   0.0000000000000E+00
   -0.0000000000000E+00   3.7371852001465E-03
   -3.0074350768739E-03   3.6993633016361E-02
    4.5892046146654E-03   2.5011811263672E-03
    5.8327877763149E-05   3.7151469806440E-05
    7.4137321546815E-05   2.6572461270679E-04
    4.1013282247134E-06  -3.7110185723574E-05
    1.4909403655870E-06  -1.4388987009227E-05
    0.0000000000000E+00   0.0000000000000E+00
    0.0000000000000E+00   0.0000000000000E+00
    0.0000000000000E+00   0.0000000000000E+00
    0.0000000000000E+00   0.0000000000000E+00
    0.0000000000000E+00   0.0000000000000E+00
    0.0000000000000E+00   0.0000000000000E+00
    0.0000000000000E+00   0.0000000000000E+00
    0.0000000000000E+00   0.0000000000000E+00
   -0.0000000000000E+00  -2.3596085916946E-01
    1.9323319694864E-01  -1.4361832514720E-01
   -4.4565760017983E-02   1.9365091335669E-02
   -1.1184586338400E-03  -3.7744386980590E-03
   -6.8965957861827E-04   4.1622715709106E-04
    1.1158657502394E-05  -6.4146429576603E-06
   -6.8906614536037E-06  -6.0707596505675E-06
    1.4898655459770E-06  -4.8560749326083E-07
    5.5016087331193E-07  -6.2740129758546E-07
    0.0000000000000E+00   0.0000000000000E+00
    0.0000000000000E+00   0.0000000000000E+00
    0.0000000000000E+00   0.0000000000000E+00
    0.0000000000000E+00   0.0000000000000E+00
    0.0000000000000E+00   0.0000000000000E+00
    0.0000000000000E+00   0.0000000000000E+00
    0.0000000000000E+00   0.0000000000000E+00
    0.0000000000000E+00   0.0000000000000E+00
    0.0000000000000E+00   0.0000000000000E+00
    0.0000000000000E+00   0.0000000000000E+00
   -0.0000000000000E+00  -1.6078119085830E+00
    3.0312209971190E-01  -3.9441994570989E-01
    4.4082418740778E-02  -3.6820000038372E-02
    6.8444207677658E-03   1.2350621492378E-02
    6.2012887359791E-04   2.1954492233161E-03
   -1.7678005281047E-05   3.8773718871271E-05
    6.7816440863835E-06   9.4180439023769E-06
    2.1753257324367E-07  -3.2980550129634E-07
    1.5005995537062E-07   2.0368692667136E-07
    5.2969005020808E-08   1.1334949191587E-08
    1.7265084627865E-09   8.5208630854831E-10
   -0.0000000000000E+00  -1.1704940395940E+00
    0.0000000000000E+00   0.0000000000000E+00
    0.0000000000000E+00   0.0000000000000E+00
   -0.0000000000000E+00   1.9807785102680E-01
    1.1120260315153E-02   1.3523454493217E-04
   -1.2288973717263E-03  -9.7067061942069E-03
    0.0000000000000E+00   0.0000000000000E+00
    0.0000000000000E+00   0.0000000000000E+00
    0.0000000000000E+00   0.0000000000000E+00
    0.0000000000000E+00   0.0000000000000E+00
   -0.0000000000000E+00  -7.9630070442559E-02
   -3.4914726804984E-03  -4.2815820445355E-03
   -1.1960859059425E-05  -2.4684667535844E-04
   -1.0222796886831E-04   2.1860460742991E-04
   -2.2141791081106E-05   1.1681576385531E-05
    0.0000000000000E+00   0.0000000000000E+00
    0.0000000000000E+00   0.0000000000000E+00
    0.0000000000000E+00   0.0000000000000E+00
    0.0000000000000E+00   0.0000000000000E+00
    0.0000000000000E+00   0.0000000000000E+00
    0.0000000000000E+00   0.0000000000000E+00
   -0.0000000000000E+00   1.5727279089643E-02
    9.2322121429926E-04   1.5631254601877E-02
    1.1317592291103E-03   1.4908428581423E-03
    1.4866971742809E-04   1.2174241154826E-04
   -1.9534824573394E-05   9.7795102525968E-05
    7.3735421231419E-06  -6.2559009374363E-06
   -7.1503957701927E-08  -4.5716578499333E-06
    0.0000000000000E+00   0.0000000000000E+00
    0.0000000000000E+00   0.0000000000000E+00
    0.0000000000000E+00   0.0000000000000E+00
    0.0000000000000E+00   0.0000000000000E+00
    0.0000000000000E+00   0.0000000000000E+00
    0.0000000000000E+00   0.0000000000000E+00
    0.0000000000000E+00   0.0000000000000E+00
    0.0000000000000E+00   0.0000000000000E+00
   -0.0000000000000E+00  -3.8658697165051E-01
    5.0996626166428E-02  -7.3909708171722E-02
   -5.3254638823775E-03   7.2334860407463E-03
   -5.2621468525760E-04  -7.1350272815350E-06
   -2.2073061984361E-04   4.0264895842089E-05
   -8.1259213659253E-06   2.2813871264151E-06
   -4.2803491641455E-07  -9.9754763130754E-07
   -4.0080219952196E-08  -2.2860746054407E-07
   -1.0388734867089E-08  -8.6460464870285E-08
    0.0000000000000E+00   0.0000000000000E+00
    0.0000000000000E+00   0.0000000000000E+00
    0.0000000000000E+00   0.0000000000000E+00
    0.0000000000000E+00   0.0000000000000E+00
    0.0000000000000E+00   0.0000000000000E+00
    0.0000000000000E+00   0.0000000000000E+00
    0.0000000000000E+00   0.0000000000000E+00
    0.0000000000000E+00   0.0000000000000E+00
    0.0000000000000E+00   0.0000000000000E+00
    0.0000000000000E+00   0.0000000000000E+00
   -0.0000000000000E+00   2.1160643070294E+00
   -2.2725225462394E-01   1.9535117884865E-01
    3.6142965067127E-02  -6.9157597054192E-02
    5.0226945544611E-03   5.9745680232818E-03
    3.5165598168547E-04   5.3345925739838E-04
   -1.8963386812504E-06   2.4673720516428E-05
    6.7347939809013E-06   4.2851049647574E-06
   -8.0220217189623E-08   1.8157996032218E-07
   -5.8556361287953E-09  -1.8880743922916E-10
    1.0452084911431E-08   7.1440262749081E-09
    2.5195570035154E-09  -1.0100014600005E-09
   -0.0000000000000E+00  -6.8877896922600E-01
    0.0000000000000E+00   0.0000000000000E+00
    0.0000000000000E+00   0.0000000000000E+00
   -0.0000000000000E+00   1.1610534294193E-01
    5.6210104499739E-03  -1.5887237740290E-04
   -9.7969683872698E-04  -5.5604735874625E-03
    0.0000000000000E+00   0.0000000000000E+00
    0.0000000000000E+00   0.0000000000000E+00
    0.0000000000000E+00   0.0000000000000E+00
    0.0000000000000E+00   0.0000000000000E+00
   -0.0000000000000E+00  -4.2631163688282E-02
   -1.6428166964722E-03  -1.2734166164899E-03
    1.0300520103226E-04   1.2232088964773E-04
    1.8702503606448E-05   9.8063667231073E-05
    3.4538511963908E-05  -1.7355719311842E-05
    0.0000000000000E+00   0.0000000000000E+00
    0.0000000000000E+00   0.0000000000000E+00
    0.0000000000000E+00   0.0000000000000E+00
    0.0000000000000E+00   0.0000000000000E+00
    0.0000000000000E+00   0.0000000000000E+00
    0.0000000000000E+00   0.0000000000000E+00
   -0.0000000000000E+00  -1.5112038873711E-03
   -7.5963929980134E-04   1.2482215319164E-03
    5.9362991822985E-04  -1.1245391033262E-05
   -3.4435036054540E-05   1.2926949942195E-05
   -5.7317722048764E-06   2.0702038567381E-05
    3.6691423844220E-06  -8.3906542758293E-07
    9.1292262841611E-07  -1.0021240031641E-06
    0.0000000000000E+00   0.0000000000000E+00
    0.0000000000000E+00   0.0000000000000E+00
    0.0000000000000E+00   0.0000000000000E+00
    0.0000000000000E+00   0.0000000000000E+00
    0.0000000000000E+00   0.0000000000000E+00
    0.0000000000000E+00   0.0000000000000E+00
    0.0000000000000E+00   0.0000000000000E+00
    0.0000000000000E+00   0.0000000000000E+00
   -0.0000000000000E+00  -1.6840796963899E-01
    1.1406860709460E-02  -2.6147198444756E-02
    3.5456982295367E-05  -4.5173700476453E-04
   -1.0923215105988E-04   6.3612400984136E-05
   -4.0210226208483E-05  -1.9285077819671E-05
   -8.1274329816293E-06   3.4979473428846E-06
    1.0629033852760E-07   8.0402175272953E-07
   -4.5160602327757E-08  -1.0607193169745E-07
    2.0440514402803E-08  -1.8658752645664E-08
    0.0000000000000E+00   0.0000000000000E+00
    0.0000000000000E+00   0.0000000000000E+00
    0.0000000000000E+00   0.0000000000000E+00
    0.0000000000000E+00   0.0000000000000E+00
    0.0000000000000E+00   0.0000000000000E+00
    0.0000000000000E+00   0.0000000000000E+00
    0.0000000000000E+00   0.0000000000000E+00
    0.0000000000000E+00   0.0000000000000E+00
    0.0000000000000E+00   0.0000000000000E+00
    0.0000000000000E+00   0.0000000000000E+00
   -0.0000000000000E+00   1.3890897628471E+00
   -1.0658922664598E-01   2.6542115720271E-02
    2.0255438455611E-03  -1.4227086791790E-02
    3.5786742370085E-04   1.9495963691845E-04
    1.1563820415861E-04   3.2466020224265E-05
    1.2505703883420E-05   7.6856059989530E-07
    7.3697763563999E-07  -1.8110590134505E-07
    4.9551073457438E-08   9.3258757838353E-08
   -9.2228741128208E-09  -3.1112626273526E-08
    3.3095340077177E-09   1.3531299324289E-10
    7.5121089858723E-10  -5.6799267312088E-10
   -0.0000000000000E+00  -4.1087712214398E-01
    0.0000000000000E+00   0.0000000000000E+00
    0.0000000000000E+00   0.0000000000000E+00
   -0.0000000000000E+00   7.0318936438778E-02
    3.4212627828957E-03   1.9409875812583E-04
   -5.0307058757166E-04  -3.3944402509806E-03
    0.0000000000000E+00   0.0000000000000E+00
    0.0000000000000E+00   0.0000000000000E+00
    0.0000000000000E+00   0.0000000000000E+00
    0.0000000000000E+00   0.0000000000000E+00
   -0.0000000000000E+00  -2.2583809605358E-02
   -7.3067331938639E-04  -4.4233084952058E-04
    1.1795349891369E-04   2.4948712640855E-04
    2.0110779201353E-05   4.0353973147815E-05
    1.8484288708023E-05  -7.6152832765383E-06
    0.0000000000000E+00   0.0000000000000E+00
    0.0000000000000E+00   0.0000000000000E+00
    0.0000000000000E+00   0.0000000000000E+00
    0.0000000000000E+00   0.0000000000000E+00
    0.0000000000000E+00   0.0000000000000E+00
    0.0000000000000E+00   0.0000000000000E+00
   -0.0000000000000E+00   1.1009379440616E-02
    1.0032887542547E-03   1.1939574813569E-04
    1.1289525737257E-04  -1.4954551352828E-04
   -2.8834611478313E-06   8.0039444596603E-06
    8.7045079508483E-07   1.6529289484315E-06
    2.0127434233079E-06  -1.0078350482622E-07
    7.9825613931145E-07  -3.8110951773423E-07
    0.0000000000000E+00   0.0000000000000E+00
    0.0000000000000E+00   0.0000000000000E+00
    0.0000000000000E+00   0.0000000000000E+00
    0.0000000000000E+00   0.0000000000000E+00
    0.0000000000000E+00   0.0000000000000E+00
    0.0000000000000E+00   0.0000000000000E+00
    0.0000000000000E+00   0.0000000000000E+00
    0.0000000000000E+00   0.0000000000000E+00
   -0.0000000000000E+00  -5.2257810189871E-02
    2.6014602537084E-03  -1.5062684768293E-02
   -1.4775419917425E-04  -1.6593407588466E-04
    6.5087544081564E-05   8.7800265412354E-05
   -8.1715634353202E-06  -5.9619556084198E-06
   -3.7223315377762E-06   2.8231853351684E-06
    1.5118226679529E-09   2.6177452857694E-07
    3.3496786037664E-09  -4.6826652909068E-08
    1.1613894504320E-09  -1.4423243635283E-08
    0.0000000000000E+00   0.0000000000000E+00
    0.0000000000000E+00   0.0000000000000E+00
    0.0000000000000E+00   0.0000000000000E+00
    0.0000000000000E+00   0.0000000000000E+00
    0.0000000000000E+00   0.0000000000000E+00
    0.0000000000000E+00   0.0000000000000E+00
    0.0000000000000E+00   0.0000000000000E+00
    0.0000000000000E+00   0.0000000000000E+00
    0.0000000000000E+00   0.0000000000000E+00
    0.0000000000000E+00   0.0000000000000E+00
   -0.0000000000000E+00   1.1837912209689E-01
   -3.2225630339484E-03  -3.5622663142596E-02
   -8.2958946304940E-04  -3.2040076186054E-03
   -1.0755258131447E-04  -8.8985187838219E-05
    8.4150085581262E-06  -5.4778184400726E-06
   -2.1622351385144E-06   3.2306172974272E-06
    3.8636802475097E-07   2.9219014600567E-07
   -1.8484613965569E-08   4.4581172024229E-08
    6.0925291506129E-09  -6.5197933937300E-09
    1.3930005969425E-09  -7.6614858614378E-11
    3.9420093366665E-10  -4.6916330302239E-10
   -0.0000000000000E+00  -2.4605615518298E-01
    0.0000000000000E+00   0.0000000000000E+00
    0.0000000000000E+00   0.0000000000000E+00
   -0.0000000000000E+00   4.3601880995067E-02
    2.1995735935579E-03  -3.4673066873393E-06
   -1.6486523559130E-04  -2.0883989054044E-03
    0.0000000000000E+00   0.0000000000000E+00
    0.0000000000000E+00   0.0000000000000E+00
    0.0000000000000E+00   0.0000000000000E+00
    0.0000000000000E+00   0.0000000000000E+00
   -0.0000000000000E+00  -1.2871060210404E-02
   -5.3771946729812E-04   7.3679638017732E-05
    7.6471239065492E-06   1.6369311008856E-04
    1.1651201635302E-05   2.0622862440197E-05
    6.8933302928314E-06  -1.4065868677908E-06
    0.0000000000000E+00   0.0000000000000E+00
    0.0000000000000E+00   0.0000000000000E+00
    0.0000000000000E+00   0.0000000000000E+00
    0.0000000000000E+00   0.0000000000000E+00
    0.0000000000000E+00   0.0000000000000E+00
    0.0000000000000E+00   0.0000000000000E+00
   -0.0000000000000E+00   4.8497877564612E-03
    1.1444076804277E-03   3.6747175478666E-04
    8.5805089142873E-05   1.3154991853308E-05
    6.4259412603745E-07   9.0802696029465E-07
    1.8899764956988E-07  -1.3365569562197E-06
    8.8273840561577E-07   1.2766564388225E-07
    8.3215469393108E-08  -1.1567532233448E-07
    0.0000000000000E+00   0.0000000000000E+00
    0.0000000000000E+00   0.0000000000000E+00
    0.0000000000000E+00   0.0000000000000E+00
    0.0000000000000E+00   0.0000000000000E+00
    0.0000000000000E+00   0.0000000000000E+00
    0.0000000000000E+00   0.0000000000000E+00
    0.0000000000000E+00   0.0000000000000E+00
    0.0000000000000E+00   0.0000000000000E+00
   -0.0000000000000E+00  -1.8864425073056E-02
    6.4796228420769E-04  -5.5273202559994E-03
    6.9386715334824E-05   3.0223411132318E-05
    3.5611348619327E-05  -1.8257868687416E-05
   -5.9591649012438E-06  -2.7897314490898E-06
   -1.5963423911142E-06   1.0196413814759E-06
   -1.8945651353522E-08  -4.1510434135122E-08
    4.7212091614738E-09  -1.5809764286964E-08
   -2.8858452073026E-09  -3.7857428312064E-09
    0.0000000000000E+00   0.0000000000000E+00
    0.0000000000000E+00   0.0000000000000E+00
    0.0000000000000E+00   0.0000000000000E+00
    0.0000000000000E+00   0.0000000000000E+00
    0.0000000000000E+00   0.0000000000000E+00
    0.0000000000000E+00   0.0000000000000E+00
    0.0000000000000E+00   0.0000000000000E+00
    0.0000000000000E+00   0.0000000000000E+00
    0.0000000000000E+00   0.0000000000000E+00
    0.0000000000000E+00   0.0000000000000E+00
   -0.0000000000000E+00   7.4737327097001E-02
   -3.2133976496939E-03  -5.4891176149526E-03
   -2.0224321050066E-03  -2.1496205675535E-03
   -9.9511199644073E-05  -7.3308542551392E-05
    1.5442851115405E-06   1.3416458823771E-05
   -2.2715318083160E-07   1.3266005527730E-06
    1.6994491143947E-08   1.1030328395776E-08
   -1.0221189002488E-08   1.4536625607578E-08
    3.0086234867638E-09  -3.2981541347667E-09
    4.6198292382986E-10   2.5254956627565E-11
    2.1118876736302E-10  -1.1766522346708E-10
   -0.0000000000000E+00  -1.4558749524449E-01
    0.0000000000000E+00   0.0000000000000E+00
    0.0000000000000E+00   0.0000000000000E+00
   -0.0000000000000E+00   2.7569499799629E-02
    1.2727966926663E-03   1.1145716847148E-05
   -4.2536995126109E-05  -1.3506286398367E-03
    0.0000000000000E+00   0.0000000000000E+00
    0.0000000000000E+00   0.0000000000000E+00
    0.0000000000000E+00   0.0000000000000E+00
    0.0000000000000E+00   0.0000000000000E+00
   -0.0000000000000E+00  -7.4755094977889E-03
   -4.2976232278604E-04   7.1038255986570E-05
    7.8973621334576E-06   9.6086777403022E-05
    5.6517707930296E-06   1.2671852372654E-05
    3.8133133627743E-06  -2.4254433328020E-06
    0.0000000000000E+00   0.0000000000000E+00
    0.0000000000000E+00   0.0000000000000E+00
    0.0000000000000E+00   0.0000000000000E+00
    0.0000000000000E+00   0.0000000000000E+00
    0.0000000000000E+00   0.0000000000000E+00
    0.0000000000000E+00   0.0000000000000E+00
   -0.0000000000000E+00   1.8733788144637E-03
    4.7566200376875E-04   3.6216045247630E-04
    7.2227860081651E-05  -1.5887586491492E-05
    4.5985146781726E-06   4.2495456216025E-06
   -5.7361619650281E-07  -1.3109461869930E-06
    6.3762956994091E-07  -1.3578664272281E-07
    1.7059127229872E-08  -6.5855750148944E-08
    0.0000000000000E+00   0.0000000000000E+00
    0.0000000000000E+00   0.0000000000000E+00
    0.0000000000000E+00   0.0000000000000E+00
    0.0000000000000E+00   0.0000000000000E+00
    0.0000000000000E+00   0.0000000000000E+00
    0.0000000000000E+00   0.0000000000000E+00
    0.0000000000000E+00   0.0000000000000E+00
    0.0000000000000E+00   0.0000000000000E+00
   -0.0000000000000E+00  -4.5313227915371E-03
   -6.4203028729996E-04  -1.7779208226741E-03
    8.2901368660354E-06   2.4700482818169E-05
    8.8494703395035E-06  -1.6096900220189E-05
   -1.8061758652657E-06   1.1323256360268E-06
   -3.3670269393178E-07  -1.9055111174048E-07
   -9.4054618315048E-09  -1.2600286199605E-09
    5.3633932687935E-09  -6.9581360347656E-09
   -1.9375283906065E-10   1.0169211524227E-09
    0.0000000000000E+00   0.0000000000000E+00
    0.0000000000000E+00   0.0000000000000E+00
    0.0000000000000E+00   0.0000000000000E+00
    0.0000000000000E+00   0.0000000000000E+00
    0.0000000000000E+00   0.0000000000000E+00
    0.0000000000000E+00   0.0000000000000E+00
    0.0000000000000E+00   0.0000000000000E+00
    0.0000000000000E+00   0.0000000000000E+00
    0.0000000000000E+00   0.0000000000000E+00
    0.0000000000000E+00   0.0000000000000E+00
   -0.0000000000000E+00   2.1826812091793E-02
   -2.9527063595079E-04  -2.0849403471177E-03
   -8.4650481379209E-04  -5.3706087657682E-04
   -9.9102961107315E-06  -2.0958793622007E-05
   -2.0822809721446E-06   1.0103167628604E-06
   -1.4341632893339E-08   4.5316169414030E-07
    7.0022582229045E-09   5.6875490137648E-09
    7.3088247853007E-09   1.9672071915439E-09
    7.8101064949212E-10   7.1507665336704E-11
    1.4824979574954E-10   1.0858033481284E-10
    5.6719249072303E-11  -4.1950916772667E-11
   -0.0000000000000E+00  -8.3285248688828E-02
    0.0000000000000E+00   0.0000000000000E+00
    0.0000000000000E+00   0.0000000000000E+00
   -0.0000000000000E+00   1.7852882814015E-02
    7.9664256077750E-04   5.7106969710981E-05
    3.4817022381029E-06  -8.6146635765564E-04
    0.0000000000000E+00   0.0000000000000E+00
    0.0000000000000E+00   0.0000000000000E+00
    0.0000000000000E+00   0.0000000000000E+00
    0.0000000000000E+00   0.0000000000000E+00
   -0.0000000000000E+00  -4.6025205404632E-03
   -2.2912203331667E-04  -6.9809588672982E-06
    1.1144164897483E-05   5.8162740229331E-05
   -1.4993162852247E-06   1.8157664736280E-06
    2.2594153328056E-06  -1.0863402868256E-06
    0.0000000000000E+00   0.0000000000000E+00
    0.0000000000000E+00   0.0000000000000E+00
    0.0000000000000E+00   0.0000000000000E+00
    0.0000000000000E+00   0.0000000000000E+00
    0.0000000000000E+00   0.0000000000000E+00
    0.0000000000000E+00   0.0000000000000E+00
   -0.0000000000000E+00   1.9541921398576E-03
    3.0942721261418E-04   3.5505049307453E-05
    2.4131859075878E-05   3.2068511771623E-06
    2.1470088911477E-06   3.5092326348700E-06
    5.3701044831610E-07  -8.3945862332029E-07
    1.9435276930445E-07  -4.7384428270607E-08
    1.4348798728356E-08  -8.5327188593954E-08
    0.0000000000000E+00   0.0000000000000E+00
    0.0000000000000E+00   0.0000000000000E+00
    0.0000000000000E+00   0.0000000000000E+00
    0.0000000000000E+00   0.0000000000000E+00
    0.0000000000000E+00   0.0000000000000E+00
    0.0000000000000E+00   0.0000000000000E+00
    0.0000000000000E+00   0.0000000000000E+00
    0.0000000000000E+00   0.0000000000000E+00
   -0.0000000000000E+00   1.3191272573136E-03
   -2.5922397618101E-04  -5.9682701318458E-04
   -5.7909845709372E-05  -8.6844035986988E-06
   -3.2085422987145E-06   1.1980216030034E-06
   -3.1623798814654E-07   2.0162421413498E-06
   -1.5027360593365E-07  -1.8387551977867E-07
   -7.2237489281837E-09   5.4247120366932E-09
    5.3161929854157E-09  -2.0917961046037E-09
   -8.9122063316185E-10  -4.1438227405957E-10
    0.0000000000000E+00   0.0000000000000E+00
    0.0000000000000E+00   0.0000000000000E+00
    0.0000000000000E+00   0.0000000000000E+00
    0.0000000000000E+00   0.0000000000000E+00
    0.0000000000000E+00   0.0000000000000E+00
    0.0000000000000E+00   0.0000000000000E+00
    0.0000000000000E+00   0.0000000000000E+00
    0.0000000000000E+00   0.0000000000000E+00
    0.0000000000000E+00   0.0000000000000E+00
    0.0000000000000E+00   0.0000000000000E+00
   -0.0000000000000E+00   8.1505935298263E-03
   -1.8405831023351E-03  -1.4551895509880E-03
   -2.4361867647452E-04  -1.9558726712728E-04
    1.1437090516595E-05  -2.5560229288562E-06
   -4.2569295197033E-07  -1.5928400835899E-06
    1.4936558396967E-08   3.5533354712345E-07
    1.6704224224922E-08  -9.6347866939016E-09
    2.1413062665735E-09  -5.0930392198252E-09
    1.2789622997075E-10   2.0216630196116E-10
    7.6512076098540E-11   1.1233234125697E-10
    1.4550131182708E-12  -8.9861089603186E-12
   -0.0000000000000E+00  -4.4998411760742E-02
    0.0000000000000E+00   0.0000000000000E+00
    0.0000000000000E+00   0.0000000000000E+00
   -0.0000000000000E+00   1.1791676539177E-02
    4.9907768142577E-04   5.5838399299034E-05
    1.6802300980652E-05  -5.3281414558911E-04
    0.0000000000000E+00   0.0000000000000E+00
    0.0000000000000E+00   0.0000000000000E+00
    0.0000000000000E+00   0.0000000000000E+00
    0.0000000000000E+00   0.0000000000000E+00
   -0.0000000000000E+00  -2.8365633753671E-03
   -1.4236569023339E-04   4.4398344590696E-07
    2.5599881889355E-06   3.7996475739846E-05
   -9.8260157698144E-07  -4.8370275922008E-07
    9.1411780894666E-07  -4.8051831981455E-07
    0.0000000000000E+00   0.0000000000000E+00
    0.0000000000000E+00   0.0000000000000E+00
    0.0000000000000E+00   0.0000000000000E+00
    0.0000000000000E+00   0.0000000000000E+00
    0.0000000000000E+00   0.0000000000000E+00
    0.0000000000000E+00   0.0000000000000E+00
   -0.0000000000000E+00   1.4284422049721E-03
    1.8451295661841E-04   9.0993588523657E-06
    5.1298424843118E-06  -1.5227071347546E-05
    9.3273301993271E-07  -4.7428459407277E-07
    7.8570132965659E-08  -3.9414102198506E-07
    1.1134162089955E-07   6.1570465519792E-09
    1.5017098888912E-08  -4.8575729829218E-08
    0.0000000000000E+00   0.0000000000000E+00
    0.0000000000000E+00   0.0000000000000E+00
    0.0000000000000E+00   0.0000000000000E+00
    0.0000000000000E+00   0.0000000000000E+00
    0.0000000000000E+00   0.0000000000000E+00
    0.0000000000000E+00   0.0000000000000E+00
    0.0000000000000E+00   0.0000000000000E+00
    0.0000000000000E+00   0.0000000000000E+00
   -0.0000000000000E+00   7.1606885066250E-04
   -1.2975726942066E-04  -4.4265178342535E-04
   -4.3082295312847E-05  -8.4653403330740E-06
    2.1339921327767E-06   4.7062697580975E-06
    3.1777451895255E-07   7.6736384355263E-07
   -9.3421947652433E-08  -2.0449964906823E-08
   -6.8979299367042E-09   1.5883465022673E-09
    2.9919362072308E-09  -2.4635201401444E-10
   -2.4600752300822E-10  -3.0743097074951E-10
    0.0000000000000E+00   0.0000000000000E+00
    0.0000000000000E+00   0.0000000000000E+00
    0.0000000000000E+00   0.0000000000000E+00
    0.0000000000000E+00   0.0000000000000E+00
    0.0000000000000E+00   0.0000000000000E+00
    0.0000000000000E+00   0.0000000000000E+00
    0.0000000000000E+00   0.0000000000000E+00
    0.0000000000000E+00   0.0000000000000E+00
    0.0000000000000E+00   0.0000000000000E+00
    0.0000000000000E+00   0.0000000000000E+00
   -0.0000000000000E+00  -1.7040310505891E-03
   -9.5438845451186E-04  -7.3059246850830E-04
   -5.0689197828612E-05  -4.9444715454647E-05
    3.9793790629248E-06  -1.6262165366512E-06
   -2.9595801698742E-08  -7.1200173413459E-07
    8.5062013873662E-08   1.8340925302987E-07
    1.5090195192242E-08  -1.2301733737936E-08
    1.3774381984200E-09  -1.7899888451196E-09
   -2.7165512349422E-11   1.7290001340914E-10
    2.0278776607281E-11   3.5394407001238E-11
   -8.6505490784473E-12  -2.2444433443970E-12
   -0.0000000000000E+00  -2.1426553011159E-02
    0.0000000000000E+00   0.0000000000000E+00
    0.0000000000000E+00   0.0000000000000E+00
   -0.0000000000000E+00   7.9201962003359E-03
    3.2985554011677E-04   2.6968574228538E-05
    2.4566447947843E-05  -3.4050809476954E-04
    0.0000000000000E+00   0.0000000000000E+00
    0.0000000000000E+00   0.0000000000000E+00
    0.0000000000000E+00   0.0000000000000E+00
    0.0000000000000E+00   0.0000000000000E+00
   -0.0000000000000E+00  -1.7537689777849E-03
   -1.0243480910306E-04  -8.8710964873884E-06
   -1.3015629608766E-06   2.4557456191427E-05
    3.8749542182798E-07  -9.5757047381542E-09
    5.3575143383025E-07  -2.2993197300791E-07
    0.0000000000000E+00   0.0000000000000E+00
    0.0000000000000E+00   0.0000000000000E+00
    0.0000000000000E+00   0.0000000000000E+00
    0.0000000000000E+00   0.0000000000000E+00
    0.0000000000000E+00   0.0000000000000E+00
    0.0000000000000E+00   0.0000000000000E+00
   -0.0000000000000E+00   9.2949529501746E-04
    4.1891510994044E-05  -1.4031565280061E-05
    4.3074809097603E-06  -1.8598934362381E-05
    5.9622818697066E-07  -5.3881541995627E-07
   -8.4247291071545E-08  -2.5139293801501E-07
    7.9251654237931E-08   7.8242152753476E-10
    1.4238828594867E-08  -9.0298436866922E-09
    0.0000000000000E+00   0.0000000000000E+00
    0.0000000000000E+00   0.0000000000000E+00
    0.0000000000000E+00   0.0000000000000E+00
    0.0000000000000E+00   0.0000000000000E+00
    0.0000000000000E+00   0.0000000000000E+00
    0.0000000000000E+00   0.0000000000000E+00
    0.0000000000000E+00   0.0000000000000E+00
    0.0000000000000E+00   0.0000000000000E+00
   -0.0000000000000E+00   8.0635434538329E-05
    6.0308168421367E-06  -1.4330185442292E-04
   -7.9959666685286E-06   2.4591031473875E-06
    1.8511151983101E-07   1.9892321425243E-06
    5.3080550063142E-08   7.8465637830161E-08
   -2.9900195800967E-08   1.7724663436250E-08
   -3.4972864263029E-09   1.0667879816634E-09
    6.3064996560608E-10   5.1257762813307E-10
    5.9917075783361E-11  -1.0572623739223E-10
    0.0000000000000E+00   0.0000000000000E+00
    0.0000000000000E+00   0.0000000000000E+00
    0.0000000000000E+00   0.0000000000000E+00
    0.0000000000000E+00   0.0000000000000E+00
    0.0000000000000E+00   0.0000000000000E+00
    0.0000000000000E+00   0.0000000000000E+00
    0.0000000000000E+00   0.0000000000000E+00
    0.0000000000000E+00   0.0000000000000E+00
    0.0000000000000E+00   0.0000000000000E+00
    0.0000000000000E+00   0.0000000000000E+00
   -0.0000000000000E+00  -2.8500776965095E-03
   -4.7899269711381E-04  -9.6538652860894E-05
   -6.9073047734869E-06  -1.9019955545873E-05
    9.0840958143350E-07  -1.9465529158641E-06
    4.0765870364684E-07  -9.4722178284493E-08
    7.1896046524540E-08   5.3294818117568E-08
    4.1584086044487E-09  -5.3143323141368E-09
    1.9726259759185E-10  -5.1114699112182E-10
    2.8766168891234E-11   8.8953414467755E-11
    1.1255866722167E-11  -7.7877491436016E-13
   -5.8355672217809E-12   1.3105673846286E-13
   -0.0000000000000E+00  -6.8354700447906E-03
    0.0000000000000E+00   0.0000000000000E+00
    0.0000000000000E+00   0.0000000000000E+00
   -0.0000000000000E+00   5.4207845685979E-03
    2.3589987277239E-04   3.8201350618130E-06
    2.3592119714961E-05  -2.3062729108893E-04
    0.0000000000000E+00   0.0000000000000E+00
    0.0000000000000E+00   0.0000000000000E+00
    0.0000000000000E+00   0.0000000000000E+00
    0.0000000000000E+00   0.0000000000000E+00
   -0.0000000000000E+00  -1.1092954842607E-03
   -6.2877256411107E-05  -9.6626446861995E-06
   -3.6177074277436E-06   1.4714233659491E-05
    2.6539609833698E-07   3.0636712007444E-07
    5.2538398164342E-07  -3.1060983864655E-07
    0.0000000000000E+00   0.0000000000000E+00
    0.0000000000000E+00   0.0000000000000E+00
    0.0000000000000E+00   0.0000000000000E+00
    0.0000000000000E+00   0.0000000000000E+00
    0.0000000000000E+00   0.0000000000000E+00
    0.0000000000000E+00   0.0000000000000E+00
   -0.0000000000000E+00   5.4511507527494E-04
    1.1068364481262E-05  -9.0630164769051E-06
   -1.1550818800015E-06  -1.1364938827699E-05
    6.8651490541417E-07   2.9234141251165E-08
   -4.3327417470936E-08  -6.4763181255466E-08
    2.7443701132164E-08  -2.1499105664707E-10
    1.2618493003578E-08   2.1290483621367E-09
    0.0000000000000E+00   0.0000000000000E+00
    0.0000000000000E+00   0.0000000000000E+00
    0.0000000000000E+00   0.0000000000000E+00
    0.0000000000000E+00   0.0000000000000E+00
    0.0000000000000E+00   0.0000000000000E+00
    0.0000000000000E+00   0.0000000000000E+00
    0.0000000000000E+00   0.0000000000000E+00
    0.0000000000000E+00   0.0000000000000E+00
   -0.0000000000000E+00  -3.2048425008139E-04
    1.2270184213599E-05  -6.3572179112217E-05
   -1.2026645363568E-06   2.3895053639438E-06
    3.7305849882670E-08   4.2334368507322E-07
    9.4200755235824E-08  -9.6395159861142E-08
    5.4894243488495E-09   8.1587076522322E-09
   -8.3095499271577E-10  -8.6378215243071E-11
   -7.3659983325058E-11   6.8752764794721E-11
    8.4745597316696E-11  -1.1091341741800E-10
    0.0000000000000E+00   0.0000000000000E+00
    0.0000000000000E+00   0.0000000000000E+00
    0.0000000000000E+00   0.0000000000000E+00
    0.0000000000000E+00   0.0000000000000E+00
    0.0000000000000E+00   0.0000000000000E+00
    0.0000000000000E+00   0.0000000000000E+00
    0.0000000000000E+00   0.0000000000000E+00
    0.0000000000000E+00   0.0000000000000E+00
    0.0000000000000E+00   0.0000000000000E+00
    0.0000000000000E+00   0.0000000000000E+00
   -0.0000000000000E+00  -5.5148989944441E-04
   -2.0855579704052E-04  -1.9282281137500E-05
    1.8303490871568E-05   1.8136879390660E-06
    1.8648319972653E-06  -1.4650666076805E-06
    2.4147814801704E-08  -4.2197449223970E-08
    3.8472126211153E-08   2.4755610265655E-08
    1.0968126212108E-09   5.0641534055616E-10
   -3.2517170900135E-11  -1.7400829618121E-10
    2.0525491074414E-11   7.4936931350339E-12
   -2.6109584215835E-13  -9.2929791589298E-12
   -1.6012646676897E-12  -1.3736987980388E-12
   -0.0000000000000E+00   1.8885485500266E-03
    0.0000000000000E+00   0.0000000000000E+00
    0.0000000000000E+00   0.0000000000000E+00
   -0.0000000000000E+00   3.7984259431626E-03
    1.7011196829150E-04  -1.5897914920793E-06
    1.0507783929886E-05  -1.6636203881990E-04
    0.0000000000000E+00   0.0000000000000E+00
    0.0000000000000E+00   0.0000000000000E+00
    0.0000000000000E+00   0.0000000000000E+00
    0.0000000000000E+00   0.0000000000000E+00
   -0.0000000000000E+00  -6.9600679252569E-04
   -3.5727612112917E-05  -2.5328685183093E-06
   -2.3569275810507E-06   8.1137690147445E-06
    2.4788245788583E-09   1.4297859098136E-07
    2.4549840247930E-07  -2.0094816298596E-07
    0.0000000000000E+00   0.0000000000000E+00
    0.0000000000000E+00   0.0000000000000E+00
    0.0000000000000E+00   0.0000000000000E+00
    0.0000000000000E+00   0.0000000000000E+00
    0.0000000000000E+00   0.0000000000000E+00
    0.0000000000000E+00   0.0000000000000E+00
   -0.0000000000000E+00   2.9421780424904E-04
    1.7771714729574E-05   4.8532171494273E-06
   -2.5382075425947E-06  -4.8014093295639E-06
    3.0882195751847E-07   2.6496916411784E-07
   -2.3189168783904E-08   4.7412996882208E-08
    1.2445893902132E-08   8.7100284390445E-10
    5.6511869866629E-09  -6.8659554271286E-12
    0.0000000000000E+00   0.0000000000000E+00
    0.0000000000000E+00   0.0000000000000E+00
    0.0000000000000E+00   0.0000000000000E+00
    0.0000000000000E+00   0.0000000000000E+00
    0.0000000000000E+00   0.0000000000000E+00
    0.0000000000000E+00   0.0000000000000E+00
    0.0000000000000E+00   0.0000000000000E+00
    0.0000000000000E+00   0.0000000000000E+00
   -0.0000000000000E+00  -2.9280661140344E-04
   -2.5365036214851E-05   6.0450268060226E-07
    3.3663070827149E-06   9.5077266273116E-07
    1.6236698114432E-09   4.4337464313705E-08
    7.3775328452779E-08  -3.0861727451565E-08
    5.0706715988346E-09  -2.2646391697917E-09
    7.7981473032905E-10  -1.3989543552433E-09
   -5.4481608703307E-11  -1.4390666899915E-10
    4.1817865371090E-11  -3.0365203460420E-11
    0.0000000000000E+00   0.0000000000000E+00
    0.0000000000000E+00   0.0000000000000E+00
    0.0000000000000E+00   0.0000000000000E+00
    0.0000000000000E+00   0.0000000000000E+00
    0.0000000000000E+00   0.0000000000000E+00
    0.0000000000000E+00   0.0000000000000E+00
    0.0000000000000E+00   0.0000000000000E+00
    0.0000000000000E+00   0.0000000000000E+00
    0.0000000000000E+00   0.0000000000000E+00
    0.0000000000000E+00   0.0000000000000E+00
   -0.0000000000000E+00   7.9382681998206E-05
   -8.6759445875278E-05   5.1389297777218E-05
    3.5476273518233E-06   1.8708310368598E-06
    4.1576511865353E-07  -4.3169573471303E-07
   -9.6936106534726E-08   1.4836100525981E-08
    1.7741820654815E-08   9.0445608428508E-09
   -5.8544093530068E-11   8.5250602893587E-10
   -4.8136866692631E-11  -4.1582883400060E-11
   -1.8375962127214E-12  -1.8449637540727E-12
   -2.3869896608258E-12  -5.4031917942993E-12
   -8.0877993731348E-13  -8.9847973936555E-13
   -0.0000000000000E+00   6.8259415651304E-03
    0.0000000000000E+00   0.0000000000000E+00
    0.0000000000000E+00   0.0000000000000E+00
   -0.0000000000000E+00   2.6835351153805E-03
    1.1670347457478E-04  -4.2468040044029E-06
    1.5965084375641E-06  -1.1968002200755E-04
    0.0000000000000E+00   0.0000000000000E+00
    0.0000000000000E+00   0.0000000000000E+00
    0.0000000000000E+00   0.0000000000000E+00
    0.0000000000000E+00   0.0000000000000E+00
   -0.0000000000000E+00  -4.3487644996673E-04
   -2.1371989538569E-05  -4.0110729497338E-06
   -1.1335289498495E-06   4.6459907099309E-06
    1.1643536842444E-07  -1.2336319363738E-07
    9.8597081274537E-08  -3.8665236710391E-08
    0.0000000000000E+00   0.0000000000000E+00
    0.0000000000000E+00   0.0000000000000E+00
    0.0000000000000E+00   0.0000000000000E+00
    0.0000000000000E+00   0.0000000000000E+00
    0.0000000000000E+00   0.0000000000000E+00
    0.0000000000000E+00   0.0000000000000E+00
   -0.0000000000000E+00   1.5773672976362E-04
    1.3630901108887E-05   4.4753892649652E-06
   -6.4684100652337E-07  -1.2444192872982E-06
    6.1741072418115E-08   2.5546697731998E-07
   -3.8363053641811E-08   3.1232784271087E-08
    8.4585073181395E-09   5.2744907761285E-10
    8.3138799253473E-10  -2.0034013909351E-09
    0.0000000000000E+00   0.0000000000000E+00
    0.0000000000000E+00   0.0000000000000E+00
    0.0000000000000E+00   0.0000000000000E+00
    0.0000000000000E+00   0.0000000000000E+00
    0.0000000000000E+00   0.0000000000000E+00
    0.0000000000000E+00   0.0000000000000E+00
    0.0000000000000E+00   0.0000000000000E+00
    0.0000000000000E+00   0.0000000000000E+00
   -0.0000000000000E+00  -1.3694760220609E-04
   -1.2133892124913E-05   1.2846107782816E-05
    2.2317987795250E-06   2.9261712189465E-07
   -1.2626072060058E-07   3.4113007822662E-09
   -6.7286399668234E-10  -1.8386838477121E-08
    6.3104631103779E-10  -3.6030601306742E-09
    6.6800793477810E-10  -1.2715111948466E-09
    2.6934460671248E-11  -1.2615053308960E-10
    3.1100501352127E-11   1.6797603133660E-11
    0.0000000000000E+00   0.0000000000000E+00
    0.0000000000000E+00   0.0000000000000E+00
    0.0000000000000E+00   0.0000000000000E+00
    0.0000000000000E+00   0.0000000000000E+00
    0.0000000000000E+00   0.0000000000000E+00
    0.0000000000000E+00   0.0000000000000E+00
    0.0000000000000E+00   0.0000000000000E+00
    0.0000000000000E+00   0.0000000000000E+00
    0.0000000000000E+00   0.0000000000000E+00
    0.0000000000000E+00   0.0000000000000E+00
   -0.0000000000000E+00  -1.7388673704335E-04
   -6.5387770736961E-05   1.5560354401542E-05
    1.3573505748603E-06  -2.2570446940702E-07
   -2.0248023636794E-07   1.9489743637445E-07
   -2.3421400425000E-08   3.0880058777389E-08
    1.2500027477378E-08   4.3096375526925E-09
    4.7756058349455E-10   1.2785388191474E-10
   -4.0898341354498E-11  -5.0991280033393E-11
    8.0353768813687E-13   7.9272061541217E-12
    6.7624826436342E-14  -1.8796087242331E-12
   -2.7913741333046E-13  -4.1047788766417E-13
