-4.452317e+05 -7.572568e+00 -2.835699e+01 -1.000000e+00 1.000000e+01 0.000000e+00 0.000000e+00 0.000000e+00 
-3.719029e+05 -1.133502e+01 -3.819435e+01 -1.000000e+00 1.281250e+01 0.000000e+00 0.000000e+00 0.000000e+00 
-3.208563e+05 -1.401093e+01 -4.668422e+01 -1.000000e+00 1.562500e+01 0.000000e+00 0.000000e+00 0.000000e+00 
-2.812459e+05 -1.504959e+01 -5.331964e+01 -1.000000e+00 1.843750e+01 0.000000e+00 0.000000e+00 0.000000e+00 
-2.508145e+05 -1.517446e+01 -5.893370e+01 -1.000000e+00 2.125000e+01 0.000000e+00 0.000000e+00 0.000000e+00 
-2.253682e+05 -1.483799e+01 -6.411817e+01 -1.000000e+00 2.406250e+01 0.000000e+00 0.000000e+00 0.000000e+00 
-2.053839e+05 -1.423679e+01 -6.897609e+01 -1.000000e+00 2.687500e+01 0.000000e+00 0.000000e+00 0.000000e+00 
-1.883199e+05 -1.364345e+01 -7.384573e+01 -1.000000e+00 2.968750e+01 0.000000e+00 0.000000e+00 0.000000e+00 
-1.732034e+05 -1.291787e+01 -7.849564e+01 -1.000000e+00 3.250000e+01 0.000000e+00 0.000000e+00 0.000000e+00 
-1.604675e+05 -1.126191e+01 -8.235898e+01 -1.000000e+00 3.531250e+01 0.000000e+00 0.000000e+00 0.000000e+00 
-1.506084e+05 -1.104726e+01 -8.759399e+01 -1.000000e+00 3.812500e+01 0.000000e+00 0.000000e+00 0.000000e+00 
-1.410263e+05 -8.911914e+00 -9.103479e+01 -1.000000e+00 4.093750e+01 0.000000e+00 0.000000e+00 0.000000e+00 
-1.322000e+05 -8.043533e+00 -9.570719e+01 -1.000000e+00 4.375000e+01 0.000000e+00 0.000000e+00 0.000000e+00 
-1.245549e+05 -1.861707e+01 -1.117348e+02 -1.000000e+00 4.656250e+01 0.000000e+00 0.000000e+00 0.000000e+00 
-1.176322e+05 -1.812142e+01 -1.147842e+02 -1.000000e+00 4.937500e+01 0.000000e+00 0.000000e+00 0.000000e+00 
-1.113374e+05 -1.749522e+01 -1.213743e+02 -1.000000e+00 5.218750e+01 0.000000e+00 0.000000e+00 0.000000e+00 
-1.055937e+05 -1.696055e+01 -1.251232e+02 -1.000000e+00 5.500000e+01 0.000000e+00 0.000000e+00 0.000000e+00 
-1.012476e+05 -3.024943e+01 -1.457471e+02 -1.000000e+00 5.781250e+01 0.000000e+00 0.000000e+00 0.000000e+00 
-9.628243e+04 -2.818719e+01 -1.458336e+02 -1.000000e+00 6.062500e+01 0.000000e+00 0.000000e+00 0.000000e+00 
-9.235172e+04 -1.810070e+01 -1.435040e+02 -1.000000e+00 6.343750e+01 0.000000e+00 0.000000e+00 0.000000e+00 
-8.836518e+04 -3.473478e+01 -1.642771e+02 -1.000000e+00 6.625000e+01 0.000000e+00 0.000000e+00 0.000000e+00 
-8.490403e+04 -4.270521e+01 -1.807443e+02 -1.000000e+00 6.906250e+01 0.000000e+00 0.000000e+00 0.000000e+00 
-8.136620e+04 -3.299000e+01 -1.778855e+02 -1.000000e+00 7.187500e+01 0.000000e+00 0.000000e+00 0.000000e+00 
-7.835467e+04 -2.340628e+01 -1.726727e+02 -1.000000e+00 7.468750e+01 0.000000e+00 0.000000e+00 0.000000e+00 
-7.556621e+04 -3.922383e+01 -1.935285e+02 -1.000000e+00 7.750000e+01 0.000000e+00 0.000000e+00 0.000000e+00 
-7.282758e+04 -5.032546e+01 -2.115578e+02 -1.000000e+00 8.031250e+01 0.000000e+00 0.000000e+00 0.000000e+00 
-7.111110e+04 -5.735861e+01 -2.247136e+02 -1.000000e+00 8.312500e+01 0.000000e+00 0.000000e+00 0.000000e+00 
-6.800191e+04 -4.053158e+01 -2.136881e+02 -1.000000e+00 8.593750e+01 0.000000e+00 0.000000e+00 0.000000e+00 
-6.614727e+04 -5.278473e+01 -2.310563e+02 -1.000000e+00 8.875000e+01 0.000000e+00 0.000000e+00 0.000000e+00 
-6.330128e+04 -5.163003e+01 -2.337314e+02 -1.000000e+00 9.156250e+01 0.000000e+00 0.000000e+00 0.000000e+00 
-6.140811e+04 -4.971202e+01 -2.376839e+02 -1.000000e+00 9.437500e+01 0.000000e+00 0.000000e+00 0.000000e+00 
-6.598467e+04 -8.228390e+01 -2.798402e+02 -1.000000e+00 9.718750e+01 0.000000e+00 0.000000e+00 0.000000e+00 
