    1.0000000000000E-02   0.0000000000000E+00
   -0.0000000000000E+00  -1.7889903213101E+01
    0.0000000000000E+00   0.0000000000000E+00
    0.0000000000000E+00   0.0000000000000E+00
   -0.0000000000000E+00   2.9426721348109E+00
    1.1434364584588E-01   5.8733981075371E-02
   -1.3289903832173E-02  -3.1029704473050E-01
    0.0000000000000E+00   0.0000000000000E+00
    0.0000000000000E+00   0.0000000000000E+00
    0.0000000000000E+00   0.0000000000000E+00
    0.0000000000000E+00   0.0000000000000E+00
   -0.0000000000000E+00  -1.0232832628924E+00
   -2.7836427086949E-01  -4.1738467854920E-02
   -5.4083820729038E-02   1.0456153625194E-01
   -2.6862265208388E-02   1.0192528672696E-02
   -2.4200797380739E-03   2.7619706592474E-03
    0.0000000000000E+00   0.0000000000000E+00
    0.0000000000000E+00   0.0000000000000E+00
    0.0000000000000E+00   0.0000000000000E+00
    0.0000000000000E+00   0.0000000000000E+00
    0.0000000000000E+00   0.0000000000000E+00
    0.0000000000000E+00   0.0000000000000E+00
   -0.0000000000000E+00  -8.8892170561266E-01
   -3.7566715726733E+00   6.9555484922118E-01
    1.9308571754953E-01  -3.2736629836307E-01
   -3.9908962463643E-02   3.8736571535790E-02
    9.0507644004363E-04  -8.5192782727717E-03
    2.4779213891281E-03  -1.7844156638329E-03
    1.8676949118403E-04  -4.6129905180305E-04
    0.0000000000000E+00   0.0000000000000E+00
    0.0000000000000E+00   0.0000000000000E+00
    0.0000000000000E+00   0.0000000000000E+00
    0.0000000000000E+00   0.0000000000000E+00
    0.0000000000000E+00   0.0000000000000E+00
    0.0000000000000E+00   0.0000000000000E+00
    0.0000000000000E+00   0.0000000000000E+00
    0.0000000000000E+00   0.0000000000000E+00
   -0.0000000000000E+00   5.4752752149384E+01
    1.5491987727587E+01   2.0751024667289E+01
   -1.5863318830072E-01   8.4515965552718E-02
    2.5247775730015E-01  -1.8617436017595E-01
    2.1046549911260E-02  -1.8849399402670E-02
   -2.6309957831710E-03  -6.3636340807671E-03
    5.5577100939909E-04   8.0888300072912E-04
   -7.2623076451441E-05   1.8094966911463E-04
    1.6910733035293E-05  -5.4914988536438E-06
    0.0000000000000E+00   0.0000000000000E+00
    0.0000000000000E+00   0.0000000000000E+00
    0.0000000000000E+00   0.0000000000000E+00
    0.0000000000000E+00   0.0000000000000E+00
    0.0000000000000E+00   0.0000000000000E+00
    0.0000000000000E+00   0.0000000000000E+00
    0.0000000000000E+00   0.0000000000000E+00
    0.0000000000000E+00   0.0000000000000E+00
    0.0000000000000E+00   0.0000000000000E+00
    0.0000000000000E+00   0.0000000000000E+00
   -0.0000000000000E+00  -5.5483457260787E+02
   -3.9463791333751E+01  -1.0060132876487E+02
    3.3472683884331E-01  -9.9653911827617E+00
   -1.7364073070146E+00   1.0081995134579E+00
    1.2065263641596E-01   3.2677704148326E-02
   -1.6080494787302E-02  -7.2979530020424E-03
   -1.8207879159748E-03   1.2406329534849E-03
   -6.0542667159571E-05   1.7010947505650E-05
    3.1643808176361E-05   1.1375382353945E-05
    6.5167370250166E-06  -8.6194185219732E-06
    9.0597324892687E-08   4.6338525301201E-07
   -0.0000000000000E+00  -7.3430843240791E+00
    0.0000000000000E+00   0.0000000000000E+00
    0.0000000000000E+00   0.0000000000000E+00
   -0.0000000000000E+00   1.3740486508956E+00
    4.5150572971746E-02   2.0687980909825E-02
    3.6730009990845E-03  -1.0844526079545E-01
    0.0000000000000E+00   0.0000000000000E+00
    0.0000000000000E+00   0.0000000000000E+00
    0.0000000000000E+00   0.0000000000000E+00
    0.0000000000000E+00   0.0000000000000E+00
   -0.0000000000000E+00  -8.8118405684617E-01
    4.6643036873808E-03   1.8222330543386E-02
    1.0836413554914E-05   2.3482001672096E-02
   -4.7338620663075E-03   4.0515930067917E-03
   -9.4501659329340E-04   1.3748245647311E-04
    0.0000000000000E+00   0.0000000000000E+00
    0.0000000000000E+00   0.0000000000000E+00
    0.0000000000000E+00   0.0000000000000E+00
    0.0000000000000E+00   0.0000000000000E+00
    0.0000000000000E+00   0.0000000000000E+00
    0.0000000000000E+00   0.0000000000000E+00
   -0.0000000000000E+00   3.6091173213457E-01
   -4.2274793513327E-01  -1.8320392085637E-01
    3.1789342013893E-02  -4.3269783372439E-02
   -1.0793244096909E-03  -4.5388125531411E-03
   -1.7442610463611E-03  -1.6360031379808E-03
   -2.0613821357406E-04   5.9451508579480E-05
    1.0716059523261E-04  -3.5430178216239E-05
    0.0000000000000E+00   0.0000000000000E+00
    0.0000000000000E+00   0.0000000000000E+00
    0.0000000000000E+00   0.0000000000000E+00
    0.0000000000000E+00   0.0000000000000E+00
    0.0000000000000E+00   0.0000000000000E+00
    0.0000000000000E+00   0.0000000000000E+00
    0.0000000000000E+00   0.0000000000000E+00
    0.0000000000000E+00   0.0000000000000E+00
   -0.0000000000000E+00  -6.7136982672549E+00
   -4.2246024103856E-02   7.5306866359275E-01
   -5.5531112976945E-01  -4.1355625795344E-02
    2.4600877019628E-02   1.4304932596675E-02
    4.0792176978898E-03   5.5319578359973E-03
    1.7119135085581E-04  -3.0167553662023E-04
   -9.8013611117340E-05  -8.7510970888521E-05
   -1.5085327113297E-05  -7.4440684628701E-06
    1.3541670705727E-06  -4.9949269015368E-06
    0.0000000000000E+00   0.0000000000000E+00
    0.0000000000000E+00   0.0000000000000E+00
    0.0000000000000E+00   0.0000000000000E+00
    0.0000000000000E+00   0.0000000000000E+00
    0.0000000000000E+00   0.0000000000000E+00
    0.0000000000000E+00   0.0000000000000E+00
    0.0000000000000E+00   0.0000000000000E+00
    0.0000000000000E+00   0.0000000000000E+00
    0.0000000000000E+00   0.0000000000000E+00
    0.0000000000000E+00   0.0000000000000E+00
   -0.0000000000000E+00  -1.3770696596734E+02
    1.4432904060341E+01  -1.2517768981222E+01
    4.3164318735049E-01  -1.9422828518874E+00
   -3.3242524375170E-01   1.6659778876714E-01
   -1.8519063830630E-02   1.3105154239959E-02
   -3.7688953309366E-03  -2.6966498730084E-03
   -1.2842556184366E-04  -1.5390271968096E-05
   -1.0350067225824E-05   1.7335804812109E-05
   -1.8970223578245E-08   1.2147530998778E-07
   -1.6605946822504E-07  -6.9149765237772E-07
   -1.1278699335610E-07   8.5589949990340E-08
   -0.0000000000000E+00  -3.6705598610591E+00
    0.0000000000000E+00   0.0000000000000E+00
    0.0000000000000E+00   0.0000000000000E+00
   -0.0000000000000E+00   6.6423209964449E-01
    1.8711773750890E-02   5.5254972317926E-03
    7.2021273442584E-05  -5.5376445274711E-02
    0.0000000000000E+00   0.0000000000000E+00
    0.0000000000000E+00   0.0000000000000E+00
    0.0000000000000E+00   0.0000000000000E+00
    0.0000000000000E+00   0.0000000000000E+00
   -0.0000000000000E+00  -3.8365014278955E-01
   -1.8890762926091E-02   6.2214019343768E-03
    2.5755314372820E-03   1.5173765743332E-02
    3.1608094631997E-04   1.0069043302773E-03
   -2.9649025061398E-04  -2.8226457230835E-04
    0.0000000000000E+00   0.0000000000000E+00
    0.0000000000000E+00   0.0000000000000E+00
    0.0000000000000E+00   0.0000000000000E+00
    0.0000000000000E+00   0.0000000000000E+00
    0.0000000000000E+00   0.0000000000000E+00
    0.0000000000000E+00   0.0000000000000E+00
   -0.0000000000000E+00   2.4852183862130E-01
   -4.0257565092822E-02  -5.4191792810151E-02
   -1.9996723210102E-03  -2.0570323790093E-02
    2.1002847729491E-03   1.3306364152336E-03
   -9.4343532562762E-05  -5.9648138024259E-04
    2.4316296630464E-06  -1.5297210307451E-05
   -2.0796243233490E-06   3.3484240172792E-05
    0.0000000000000E+00   0.0000000000000E+00
    0.0000000000000E+00   0.0000000000000E+00
    0.0000000000000E+00   0.0000000000000E+00
    0.0000000000000E+00   0.0000000000000E+00
    0.0000000000000E+00   0.0000000000000E+00
    0.0000000000000E+00   0.0000000000000E+00
    0.0000000000000E+00   0.0000000000000E+00
    0.0000000000000E+00   0.0000000000000E+00
   -0.0000000000000E+00  -1.7206132187845E+00
   -4.2574855424431E-01   2.7851410752943E-01
   -6.2505901614902E-02   7.7276666855192E-02
   -3.6997754199633E-03  -4.4207611005873E-03
   -3.3236436041389E-04  -6.4103446474990E-04
   -2.1087033388395E-07   2.7877197878110E-04
   -1.6956343744170E-05  -2.6033922059962E-05
   -3.3238360044946E-06  -2.5100616339082E-06
   -1.0373421448218E-06  -5.5959109075328E-08
    0.0000000000000E+00   0.0000000000000E+00
    0.0000000000000E+00   0.0000000000000E+00
    0.0000000000000E+00   0.0000000000000E+00
    0.0000000000000E+00   0.0000000000000E+00
    0.0000000000000E+00   0.0000000000000E+00
    0.0000000000000E+00   0.0000000000000E+00
    0.0000000000000E+00   0.0000000000000E+00
    0.0000000000000E+00   0.0000000000000E+00
    0.0000000000000E+00   0.0000000000000E+00
    0.0000000000000E+00   0.0000000000000E+00
   -0.0000000000000E+00  -2.7931726528527E+01
   -6.2149941201579E-02   1.6901868130741E+00
    5.6137900384911E-01  -1.0024152553731E-01
   -4.7544528106193E-03  -2.3314689427284E-02
   -2.2160902464185E-03   2.2769678128783E-03
   -8.1885903943031E-04  -5.8004279971379E-04
    1.6115899605665E-05   1.0357241760039E-05
    3.0270902035861E-06   2.4446998458905E-06
    2.5410681775404E-07  -7.5515309611699E-07
   -2.0303122293158E-08   6.4879481065600E-08
   -8.8214271901965E-09   1.9755484599295E-08
   -0.0000000000000E+00  -2.0105868677747E+00
    0.0000000000000E+00   0.0000000000000E+00
    0.0000000000000E+00   0.0000000000000E+00
   -0.0000000000000E+00   3.5499212241051E-01
    9.2425509157941E-03   1.4286374406260E-03
    5.6375666972353E-04  -2.8953452885569E-02
    0.0000000000000E+00   0.0000000000000E+00
    0.0000000000000E+00   0.0000000000000E+00
    0.0000000000000E+00   0.0000000000000E+00
    0.0000000000000E+00   0.0000000000000E+00
   -0.0000000000000E+00  -1.9126951249738E-01
   -7.0780619822384E-03   3.6175839906036E-04
    2.4105370026704E-03   7.7522405747341E-03
    2.2925118306680E-04   1.2225096294399E-04
   -8.6559555908850E-05  -6.2169122091096E-05
    0.0000000000000E+00   0.0000000000000E+00
    0.0000000000000E+00   0.0000000000000E+00
    0.0000000000000E+00   0.0000000000000E+00
    0.0000000000000E+00   0.0000000000000E+00
    0.0000000000000E+00   0.0000000000000E+00
    0.0000000000000E+00   0.0000000000000E+00
   -0.0000000000000E+00   8.8962857111224E-02
    1.8352856497313E-03  -1.5747410459978E-02
    5.4498782491417E-04  -1.0566403454310E-02
    5.5704170457789E-04   3.8936988922910E-04
   -4.7917511372453E-05  -3.0521950978503E-05
   -1.2806613084499E-05  -1.5776711204884E-05
   -8.7111747733673E-06   1.6229706576315E-05
    0.0000000000000E+00   0.0000000000000E+00
    0.0000000000000E+00   0.0000000000000E+00
    0.0000000000000E+00   0.0000000000000E+00
    0.0000000000000E+00   0.0000000000000E+00
    0.0000000000000E+00   0.0000000000000E+00
    0.0000000000000E+00   0.0000000000000E+00
    0.0000000000000E+00   0.0000000000000E+00
    0.0000000000000E+00   0.0000000000000E+00
   -0.0000000000000E+00  -3.2679081633194E-01
   -2.9544043878523E-02   1.7081548247037E-01
   -1.7723187475190E-02   3.6904457836837E-03
   -1.2971220718230E-03  -6.9691097930401E-04
    3.6538407803327E-04   5.0959101303529E-05
    2.0238145595623E-05   5.6476661751203E-05
   -5.6872218030747E-06  -6.8395592977850E-06
    8.8758961605220E-07  -1.3320983648236E-07
    6.6668841513425E-10   3.5303146466825E-07
    0.0000000000000E+00   0.0000000000000E+00
    0.0000000000000E+00   0.0000000000000E+00
    0.0000000000000E+00   0.0000000000000E+00
    0.0000000000000E+00   0.0000000000000E+00
    0.0000000000000E+00   0.0000000000000E+00
    0.0000000000000E+00   0.0000000000000E+00
    0.0000000000000E+00   0.0000000000000E+00
    0.0000000000000E+00   0.0000000000000E+00
    0.0000000000000E+00   0.0000000000000E+00
    0.0000000000000E+00   0.0000000000000E+00
   -0.0000000000000E+00  -8.5614182368209E+00
    4.2432006371994E-02   1.1300217117402E+00
    1.7013395903767E-01  -3.1862187100472E-02
   -5.1797531350581E-03  -6.9583348195800E-03
    4.4900330375892E-04   2.9230128888585E-04
    3.1283384450941E-05  -2.0823989935694E-04
   -3.9524901679038E-06  -3.2327025803242E-06
    1.8524537822694E-06   2.1174619914789E-07
   -1.0357747621388E-07  -9.9875837644704E-10
   -2.5435966700381E-09  -2.1315525656290E-08
    5.4594821932074E-09   1.2792720408282E-09
   -0.0000000000000E+00  -1.1540710208463E+00
    0.0000000000000E+00   0.0000000000000E+00
    0.0000000000000E+00   0.0000000000000E+00
   -0.0000000000000E+00   1.9952663892720E-01
    6.0024306132660E-03   5.7423825383244E-04
    4.1835423725469E-04  -1.5862568095195E-02
    0.0000000000000E+00   0.0000000000000E+00
    0.0000000000000E+00   0.0000000000000E+00
    0.0000000000000E+00   0.0000000000000E+00
    0.0000000000000E+00   0.0000000000000E+00
   -0.0000000000000E+00  -8.6959666894061E-02
   -2.6526159364332E-03   1.7418601797597E-03
    8.8322722915468E-04   3.1773308711257E-03
    3.3879906714361E-05   1.0799014138795E-04
   -3.9493784317590E-06  -9.2420195339344E-05
    0.0000000000000E+00   0.0000000000000E+00
    0.0000000000000E+00   0.0000000000000E+00
    0.0000000000000E+00   0.0000000000000E+00
    0.0000000000000E+00   0.0000000000000E+00
    0.0000000000000E+00   0.0000000000000E+00
    0.0000000000000E+00   0.0000000000000E+00
   -0.0000000000000E+00   5.9953650054671E-02
    5.4007622962555E-04   3.2841513515634E-03
   -4.3635211023304E-05  -2.4672749402879E-03
   -5.3729862152341E-05  -6.2234133782021E-05
   -2.9848444897853E-05  -3.9987781530840E-05
   -5.0532863359508E-06  -8.7287248095541E-06
    3.9024433857627E-07   1.9702646225668E-06
    0.0000000000000E+00   0.0000000000000E+00
    0.0000000000000E+00   0.0000000000000E+00
    0.0000000000000E+00   0.0000000000000E+00
    0.0000000000000E+00   0.0000000000000E+00
    0.0000000000000E+00   0.0000000000000E+00
    0.0000000000000E+00   0.0000000000000E+00
    0.0000000000000E+00   0.0000000000000E+00
    0.0000000000000E+00   0.0000000000000E+00
   -0.0000000000000E+00   2.0126739653852E-01
    1.0448103564477E-02   1.6946276601701E-02
   -1.1014802598029E-02   1.2052264004271E-02
   -4.0828893229150E-04  -3.0170683716566E-04
    8.5468285596046E-05  -1.1157956181249E-04
    4.8043669360357E-07   7.0220303027413E-06
   -8.9378945582490E-08  -8.7598818764115E-07
    1.3026592883128E-07  -8.7894978119482E-08
    1.5076955095904E-08   1.5294460197763E-08
    0.0000000000000E+00   0.0000000000000E+00
    0.0000000000000E+00   0.0000000000000E+00
    0.0000000000000E+00   0.0000000000000E+00
    0.0000000000000E+00   0.0000000000000E+00
    0.0000000000000E+00   0.0000000000000E+00
    0.0000000000000E+00   0.0000000000000E+00
    0.0000000000000E+00   0.0000000000000E+00
    0.0000000000000E+00   0.0000000000000E+00
    0.0000000000000E+00   0.0000000000000E+00
    0.0000000000000E+00   0.0000000000000E+00
   -0.0000000000000E+00  -2.4162554746978E+00
   -1.1425395998847E-01   4.2924606036700E-01
    2.2643274306839E-02  -1.2139780046128E-02
   -3.9815942670445E-04  -5.8704782754485E-04
   -1.6812006272777E-04  -6.6625233169284E-05
   -2.6433557907134E-05  -7.7658087696595E-06
   -3.3269273430783E-06  -3.0761784601212E-06
    7.3143894885013E-07   3.0421804019197E-07
   -1.2070961953203E-08   9.4123498425790E-08
   -1.5749050185125E-09   1.1191102289375E-08
    2.1371207741342E-09   9.4460068198427E-10
   -0.0000000000000E+00  -6.8288794485474E-01
    0.0000000000000E+00   0.0000000000000E+00
    0.0000000000000E+00   0.0000000000000E+00
   -0.0000000000000E+00   1.1375155517552E-01
    3.6402892843459E-03   4.3190470539950E-04
    4.3297016598442E-04  -9.0698377716987E-03
    0.0000000000000E+00   0.0000000000000E+00
    0.0000000000000E+00   0.0000000000000E+00
    0.0000000000000E+00   0.0000000000000E+00
    0.0000000000000E+00   0.0000000000000E+00
   -0.0000000000000E+00  -4.2730305378152E-02
   -1.3169262020110E-03   1.4456029548348E-03
    2.5133516741802E-04   1.2855834823238E-03
    3.5698704144047E-05   6.8511252743950E-05
   -4.8274534931570E-06  -5.4658109068987E-05
    0.0000000000000E+00   0.0000000000000E+00
    0.0000000000000E+00   0.0000000000000E+00
    0.0000000000000E+00   0.0000000000000E+00
    0.0000000000000E+00   0.0000000000000E+00
    0.0000000000000E+00   0.0000000000000E+00
    0.0000000000000E+00   0.0000000000000E+00
   -0.0000000000000E+00   2.3195608709931E-02
    1.0944412146543E-03   6.6692118800720E-04
   -4.3604846077323E-04  -6.7171544027319E-04
   -1.2070723228486E-04  -3.0031676122774E-05
   -1.9461742528281E-05  -1.5055530349980E-05
    7.7275376902097E-08  -3.0074388894498E-06
    7.5505449605116E-07   1.7636285600661E-07
    0.0000000000000E+00   0.0000000000000E+00
    0.0000000000000E+00   0.0000000000000E+00
    0.0000000000000E+00   0.0000000000000E+00
    0.0000000000000E+00   0.0000000000000E+00
    0.0000000000000E+00   0.0000000000000E+00
    0.0000000000000E+00   0.0000000000000E+00
    0.0000000000000E+00   0.0000000000000E+00
    0.0000000000000E+00   0.0000000000000E+00
   -0.0000000000000E+00  -1.5806668574651E-02
   -5.5327349825472E-03  -9.9682510360117E-04
   -1.1288960936678E-03   1.7118918907326E-03
   -2.6384114711915E-04  -6.5036522706467E-04
    4.8482281763979E-05  -3.1869684464712E-05
   -4.1855517047407E-06   4.0800482250122E-06
    1.9468386886897E-07   1.6254652784163E-07
    1.1248347417062E-07   3.2922883032675E-08
    3.7282873530981E-09  -1.6043844302312E-08
    0.0000000000000E+00   0.0000000000000E+00
    0.0000000000000E+00   0.0000000000000E+00
    0.0000000000000E+00   0.0000000000000E+00
    0.0000000000000E+00   0.0000000000000E+00
    0.0000000000000E+00   0.0000000000000E+00
    0.0000000000000E+00   0.0000000000000E+00
    0.0000000000000E+00   0.0000000000000E+00
    0.0000000000000E+00   0.0000000000000E+00
    0.0000000000000E+00   0.0000000000000E+00
    0.0000000000000E+00   0.0000000000000E+00
   -0.0000000000000E+00  -6.4656265592580E-01
    2.5297433699950E-02   1.0502745622350E-01
    1.3566699253937E-03   1.0361216492537E-03
    6.7524539020387E-04   1.8224669372014E-04
   -1.0282925261856E-04   1.8088361175566E-05
    6.5195996617462E-06   9.2963192270215E-06
   -1.0239910085616E-06  -2.7124672188739E-07
    1.1001884927812E-07   8.1937268327486E-08
   -6.6513063930970E-09   1.8469268634979E-08
    2.6310284799556E-10   4.6838583615212E-09
   -4.1645132882518E-10   7.7124663278208E-10
   -0.0000000000000E+00  -4.1205151980938E-01
    0.0000000000000E+00   0.0000000000000E+00
    0.0000000000000E+00   0.0000000000000E+00
   -0.0000000000000E+00   6.7011265717447E-02
    2.0894044521348E-03   3.7714974314293E-04
    7.4319088934218E-05  -5.2573271608192E-03
    0.0000000000000E+00   0.0000000000000E+00
    0.0000000000000E+00   0.0000000000000E+00
    0.0000000000000E+00   0.0000000000000E+00
    0.0000000000000E+00   0.0000000000000E+00
   -0.0000000000000E+00  -2.3398845022775E-02
   -8.9506702695771E-04   2.3036461665137E-04
    1.7777234112447E-04   6.6869915681051E-04
    2.9267754610978E-05   4.3583280521422E-05
    1.2693492575166E-05  -2.6305495172874E-05
    0.0000000000000E+00   0.0000000000000E+00
    0.0000000000000E+00   0.0000000000000E+00
    0.0000000000000E+00   0.0000000000000E+00
    0.0000000000000E+00   0.0000000000000E+00
    0.0000000000000E+00   0.0000000000000E+00
    0.0000000000000E+00   0.0000000000000E+00
   -0.0000000000000E+00   1.1218644903939E-02
    5.8889240265775E-04  -7.4672739487699E-04
   -2.4774692533760E-04  -1.5404596106065E-04
   -6.8119882110507E-05  -2.1108884506597E-05
   -1.6531685313909E-05   7.5114894961431E-07
    2.5144615541588E-07  -2.4953454656322E-07
    5.3918332732894E-07  -6.6180045879197E-08
    0.0000000000000E+00   0.0000000000000E+00
    0.0000000000000E+00   0.0000000000000E+00
    0.0000000000000E+00   0.0000000000000E+00
    0.0000000000000E+00   0.0000000000000E+00
    0.0000000000000E+00   0.0000000000000E+00
    0.0000000000000E+00   0.0000000000000E+00
    0.0000000000000E+00   0.0000000000000E+00
    0.0000000000000E+00   0.0000000000000E+00
   -0.0000000000000E+00  -2.6526107289024E-02
   -1.7480683559107E-04  -2.6581385254862E-04
    5.9392764283458E-04   1.9012802099206E-04
    7.8035287854380E-05  -1.5783667734739E-04
    1.8877683541435E-05  -1.2815367532086E-05
   -1.7387463142920E-06   9.1585011857738E-07
   -1.0885946221550E-07  -1.2957714562907E-07
    2.5296251315365E-08   5.7825571520965E-09
   -5.5692927513536E-09  -1.2038812163225E-08
    0.0000000000000E+00   0.0000000000000E+00
    0.0000000000000E+00   0.0000000000000E+00
    0.0000000000000E+00   0.0000000000000E+00
    0.0000000000000E+00   0.0000000000000E+00
    0.0000000000000E+00   0.0000000000000E+00
    0.0000000000000E+00   0.0000000000000E+00
    0.0000000000000E+00   0.0000000000000E+00
    0.0000000000000E+00   0.0000000000000E+00
    0.0000000000000E+00   0.0000000000000E+00
    0.0000000000000E+00   0.0000000000000E+00
   -0.0000000000000E+00  -3.5020318290629E-01
   -1.5930428942593E-02   1.3111067795306E-02
   -2.8300532970088E-03  -2.8068395802196E-03
    1.1134961158944E-04   1.9872386272051E-04
    5.4884859188366E-06   1.8923448512522E-05
    3.9936210989640E-07   2.3596905740330E-06
   -3.3937092584115E-07   3.2942510635623E-07
    3.2217377447265E-09  -1.6757077154184E-08
   -1.4394296835456E-08   3.7545769506985E-10
    3.6488747780506E-10   7.9099107730775E-10
   -1.6463792689641E-10   1.0369361876660E-10
   -0.0000000000000E+00  -2.5017854146688E-01
    0.0000000000000E+00   0.0000000000000E+00
    0.0000000000000E+00   0.0000000000000E+00
   -0.0000000000000E+00   4.0759446772488E-02
    1.3048240799648E-03   2.7336378280533E-04
    6.2975201027912E-05  -3.1946199067361E-03
    0.0000000000000E+00   0.0000000000000E+00
    0.0000000000000E+00   0.0000000000000E+00
    0.0000000000000E+00   0.0000000000000E+00
    0.0000000000000E+00   0.0000000000000E+00
   -0.0000000000000E+00  -1.2780489484613E-02
   -3.6754494587816E-04   3.5501218990282E-04
    5.0684281612284E-05   3.6071652758445E-04
    8.4554366435135E-06   1.9807126266815E-05
    8.5854091485692E-06  -1.7399195048675E-05
    0.0000000000000E+00   0.0000000000000E+00
    0.0000000000000E+00   0.0000000000000E+00
    0.0000000000000E+00   0.0000000000000E+00
    0.0000000000000E+00   0.0000000000000E+00
    0.0000000000000E+00   0.0000000000000E+00
    0.0000000000000E+00   0.0000000000000E+00
   -0.0000000000000E+00   6.7355544319073E-03
    3.9569704347065E-04  -4.4681297891605E-04
   -1.1998684601673E-04  -3.6868519242162E-05
   -3.0614627394310E-05  -1.7138633662562E-05
   -7.0495179098635E-06   1.8223088758627E-06
    2.2909572754734E-07  -1.1892069810031E-08
    4.0920753894973E-07   6.0151394690104E-09
    0.0000000000000E+00   0.0000000000000E+00
    0.0000000000000E+00   0.0000000000000E+00
    0.0000000000000E+00   0.0000000000000E+00
    0.0000000000000E+00   0.0000000000000E+00
    0.0000000000000E+00   0.0000000000000E+00
    0.0000000000000E+00   0.0000000000000E+00
    0.0000000000000E+00   0.0000000000000E+00
    0.0000000000000E+00   0.0000000000000E+00
   -0.0000000000000E+00  -2.8317161270064E-02
    3.1111387140927E-04   1.2441831441708E-03
    2.3961509783836E-04   2.9563145399010E-04
    2.8153910868812E-05  -4.4823647678118E-05
    2.5536462518025E-06  -7.7654170634089E-06
    1.0334123082539E-07   2.8502780315203E-07
   -7.8731630784912E-08  -1.4478972208190E-07
    9.4431789360569E-09  -2.4265981449139E-08
   -7.8027485074887E-09  -2.0531509076198E-09
    0.0000000000000E+00   0.0000000000000E+00
    0.0000000000000E+00   0.0000000000000E+00
    0.0000000000000E+00   0.0000000000000E+00
    0.0000000000000E+00   0.0000000000000E+00
    0.0000000000000E+00   0.0000000000000E+00
    0.0000000000000E+00   0.0000000000000E+00
    0.0000000000000E+00   0.0000000000000E+00
    0.0000000000000E+00   0.0000000000000E+00
    0.0000000000000E+00   0.0000000000000E+00
    0.0000000000000E+00   0.0000000000000E+00
   -0.0000000000000E+00  -5.3282164669747E-02
    4.8559515152906E-03   9.2714352293173E-03
    9.0593031257840E-04   9.1380642113583E-04
   -5.6352874629096E-05  -1.6594829967846E-04
    4.3068917679206E-06  -5.3905670800347E-06
    2.1019958768571E-07   6.3846208534812E-08
   -5.6698661847905E-08   1.0339485907978E-07
   -1.5003283183867E-08   1.4486597827680E-08
   -4.3475321386718E-09   2.1012662810548E-12
    2.9080265463224E-10   5.1855878937967E-10
   -2.1898853092856E-11   2.5405125015743E-12
   -0.0000000000000E+00  -1.5087295793092E-01
    0.0000000000000E+00   0.0000000000000E+00
    0.0000000000000E+00   0.0000000000000E+00
   -0.0000000000000E+00   2.5602263383822E-02
    7.4263488025256E-04   2.8657597909089E-04
    1.0959300442799E-04  -1.9922859776075E-03
    0.0000000000000E+00   0.0000000000000E+00
    0.0000000000000E+00   0.0000000000000E+00
    0.0000000000000E+00   0.0000000000000E+00
    0.0000000000000E+00   0.0000000000000E+00
   -0.0000000000000E+00  -7.2077388411137E-03
   -1.0913466157816E-04   7.5862817251171E-05
   -3.5419820741822E-06   1.9391314567509E-04
   -1.8258278973161E-06   1.1952682430250E-05
    3.4671080431934E-06  -1.1821505983394E-05
    0.0000000000000E+00   0.0000000000000E+00
    0.0000000000000E+00   0.0000000000000E+00
    0.0000000000000E+00   0.0000000000000E+00
    0.0000000000000E+00   0.0000000000000E+00
    0.0000000000000E+00   0.0000000000000E+00
    0.0000000000000E+00   0.0000000000000E+00
   -0.0000000000000E+00   4.0544805380184E-03
   -8.2750374502123E-05  -3.0070954427742E-04
   -3.7238325818066E-05   2.7692583975182E-05
   -8.3511067851405E-06  -9.2367006940646E-06
   -1.4532429447331E-06   9.2809280140595E-07
    5.0794052762146E-07   1.8950673534317E-07
    1.8162422376240E-07   2.3812190853644E-08
    0.0000000000000E+00   0.0000000000000E+00
    0.0000000000000E+00   0.0000000000000E+00
    0.0000000000000E+00   0.0000000000000E+00
    0.0000000000000E+00   0.0000000000000E+00
    0.0000000000000E+00   0.0000000000000E+00
    0.0000000000000E+00   0.0000000000000E+00
    0.0000000000000E+00   0.0000000000000E+00
    0.0000000000000E+00   0.0000000000000E+00
   -0.0000000000000E+00  -7.0842801167605E-03
    4.6807556691251E-04   2.4276003721751E-03
   -8.8726524722875E-05   2.0396452111069E-05
    7.3050826805490E-06  -3.4538722663601E-06
    1.4115654095195E-06  -6.8409070649759E-07
   -1.5173360880426E-07   1.1447219420873E-07
   -4.7776643587996E-08  -6.1904077540872E-08
    1.1187744137665E-08  -1.4758755204753E-08
   -2.3180909609339E-09   1.7782783810271E-09
    0.0000000000000E+00   0.0000000000000E+00
    0.0000000000000E+00   0.0000000000000E+00
    0.0000000000000E+00   0.0000000000000E+00
    0.0000000000000E+00   0.0000000000000E+00
    0.0000000000000E+00   0.0000000000000E+00
    0.0000000000000E+00   0.0000000000000E+00
    0.0000000000000E+00   0.0000000000000E+00
    0.0000000000000E+00   0.0000000000000E+00
    0.0000000000000E+00   0.0000000000000E+00
    0.0000000000000E+00   0.0000000000000E+00
   -0.0000000000000E+00  -5.6009798394384E-03
    3.4345712905744E-03  -1.5486633565915E-03
    6.5589934838814E-04   7.2352619236527E-04
   -4.6316852458716E-05  -2.7559217642858E-06
   -5.5155520315567E-06  -2.5781076487597E-06
    4.0585633708886E-07  -1.1602804891803E-07
   -4.0206088509649E-08  -1.1435326930087E-08
   -4.8480454983310E-09   1.6042726249620E-10
   -5.6988537297058E-10   8.4908399538060E-10
   -1.4801329959749E-11   8.5968143886496E-11
   -3.8381654028724E-12  -3.0037240688289E-12
   -0.0000000000000E+00  -8.9060926226588E-02
    0.0000000000000E+00   0.0000000000000E+00
    0.0000000000000E+00   0.0000000000000E+00
   -0.0000000000000E+00   1.6270130448638E-02
    4.4040240790803E-04   2.4595595477389E-04
    1.1424599387325E-04  -1.2527563391567E-03
    0.0000000000000E+00   0.0000000000000E+00
    0.0000000000000E+00   0.0000000000000E+00
    0.0000000000000E+00   0.0000000000000E+00
    0.0000000000000E+00   0.0000000000000E+00
   -0.0000000000000E+00  -4.3664997724722E-03
   -9.8153757741888E-05  -5.9625393499769E-05
   -8.8009308595525E-06   1.1429170599175E-04
   -2.4420794948628E-06   4.0304866237591E-06
    9.2033534093645E-07  -6.1127632097159E-06
    0.0000000000000E+00   0.0000000000000E+00
    0.0000000000000E+00   0.0000000000000E+00
    0.0000000000000E+00   0.0000000000000E+00
    0.0000000000000E+00   0.0000000000000E+00
    0.0000000000000E+00   0.0000000000000E+00
    0.0000000000000E+00   0.0000000000000E+00
   -0.0000000000000E+00   2.5780734862941E-03
    1.1960922724620E-04   2.1632831181729E-05
   -3.8872759100745E-06  -1.1641435679270E-05
   -2.1075588757948E-06  -1.0147570514673E-06
   -9.9046873004985E-07   1.1364050599496E-06
    2.5115160849646E-07  -1.3555033554757E-07
    9.6843373059168E-08   3.4923366478027E-08
    0.0000000000000E+00   0.0000000000000E+00
    0.0000000000000E+00   0.0000000000000E+00
    0.0000000000000E+00   0.0000000000000E+00
    0.0000000000000E+00   0.0000000000000E+00
    0.0000000000000E+00   0.0000000000000E+00
    0.0000000000000E+00   0.0000000000000E+00
    0.0000000000000E+00   0.0000000000000E+00
    0.0000000000000E+00   0.0000000000000E+00
   -0.0000000000000E+00  -1.7834878700511E-03
    3.3562769109143E-04   5.0309167019425E-04
   -6.8890410732465E-05  -4.1862502904342E-05
    2.9112415857329E-06   4.6505744030752E-06
   -1.6993166997233E-07  -1.2849390074854E-07
   -6.6879813094341E-08  -5.8422705518824E-11
   -9.4180058267630E-09  -1.8715105175194E-08
    7.9352795124498E-09  -1.4516947336951E-09
   -6.3996897440950E-10  -3.1958336286710E-10
    0.0000000000000E+00   0.0000000000000E+00
    0.0000000000000E+00   0.0000000000000E+00
    0.0000000000000E+00   0.0000000000000E+00
    0.0000000000000E+00   0.0000000000000E+00
    0.0000000000000E+00   0.0000000000000E+00
    0.0000000000000E+00   0.0000000000000E+00
    0.0000000000000E+00   0.0000000000000E+00
    0.0000000000000E+00   0.0000000000000E+00
    0.0000000000000E+00   0.0000000000000E+00
    0.0000000000000E+00   0.0000000000000E+00
   -0.0000000000000E+00  -1.1495089816619E-02
    1.2553148349865E-03  -2.1547269604882E-03
    1.3946827031790E-04   1.3479432495592E-04
   -7.8032835413659E-06  -2.1627378225049E-05
   -3.8699919051133E-06   1.7513319829772E-07
    1.7978609125548E-07  -2.4368873017958E-07
   -1.7358655095858E-08  -4.5524198200309E-12
   -3.3891103828944E-09  -2.0162372548541E-09
   -3.8181739704526E-10   3.9101343253293E-10
   -1.0134351998047E-11  -5.9863474956402E-12
    1.4707812599858E-12  -3.6095569095543E-12
   -0.0000000000000E+00  -5.0259153076256E-02
    0.0000000000000E+00   0.0000000000000E+00
    0.0000000000000E+00   0.0000000000000E+00
   -0.0000000000000E+00   1.0578726545600E-02
    2.7354098363927E-04   1.4299437251558E-04
    5.0395762710537E-05  -7.9888447371750E-04
    0.0000000000000E+00   0.0000000000000E+00
    0.0000000000000E+00   0.0000000000000E+00
    0.0000000000000E+00   0.0000000000000E+00
    0.0000000000000E+00   0.0000000000000E+00
   -0.0000000000000E+00  -2.7120881749971E-03
   -8.6249990139975E-05  -3.3002024743817E-05
   -2.2968897207911E-06   6.3798634077952E-05
   -2.2474157229391E-07   1.4554579931881E-06
    8.9333240556778E-07  -2.7204124702740E-06
    0.0000000000000E+00   0.0000000000000E+00
    0.0000000000000E+00   0.0000000000000E+00
    0.0000000000000E+00   0.0000000000000E+00
    0.0000000000000E+00   0.0000000000000E+00
    0.0000000000000E+00   0.0000000000000E+00
    0.0000000000000E+00   0.0000000000000E+00
   -0.0000000000000E+00   1.6915994041875E-03
    1.1578151051828E-04   1.0097515656990E-04
    8.7136121481504E-07  -1.4168807180549E-05
    1.3696318325946E-06  -8.6244259031594E-07
   -1.7924045502375E-07   5.9512373926059E-07
    7.2166458868247E-08  -1.1062854164682E-07
    3.5435781622036E-08   2.5140411138647E-09
    0.0000000000000E+00   0.0000000000000E+00
    0.0000000000000E+00   0.0000000000000E+00
    0.0000000000000E+00   0.0000000000000E+00
    0.0000000000000E+00   0.0000000000000E+00
    0.0000000000000E+00   0.0000000000000E+00
    0.0000000000000E+00   0.0000000000000E+00
    0.0000000000000E+00   0.0000000000000E+00
    0.0000000000000E+00   0.0000000000000E+00
   -0.0000000000000E+00  -7.0935958569790E-04
    1.9354072286582E-04  -2.7332296517406E-05
   -1.2014933921258E-05  -2.8446507632626E-05
   -4.3870235588781E-06   4.6468468537838E-06
    3.0993510134803E-07   2.1470575541056E-07
   -5.8250239152416E-08  -2.9148787165429E-09
   -1.1854038964197E-09  -1.8720908669121E-10
    2.3401579834993E-09   1.3475625196764E-09
   -1.8036901028404E-11  -9.9316774302171E-11
    0.0000000000000E+00   0.0000000000000E+00
    0.0000000000000E+00   0.0000000000000E+00
    0.0000000000000E+00   0.0000000000000E+00
    0.0000000000000E+00   0.0000000000000E+00
    0.0000000000000E+00   0.0000000000000E+00
    0.0000000000000E+00   0.0000000000000E+00
    0.0000000000000E+00   0.0000000000000E+00
    0.0000000000000E+00   0.0000000000000E+00
    0.0000000000000E+00   0.0000000000000E+00
    0.0000000000000E+00   0.0000000000000E+00
   -0.0000000000000E+00  -2.2002955957907E-03
    6.3118191102641E-04  -8.7720335501465E-04
    1.4349886371720E-04   2.3721039156059E-05
    1.3799876382104E-06  -1.2299355966143E-05
   -8.4530755265217E-07   4.3851161907033E-07
   -4.6147985928676E-08  -1.4599723556684E-07
    3.9281573586491E-09  -6.3185343828919E-09
   -8.1517898095362E-10  -1.3494762574694E-09
   -2.0677027332818E-10   1.8942938828386E-10
   -9.1886523486387E-12  -1.8534490366399E-12
   -8.3056564261969E-13   2.3932068873070E-12
   -0.0000000000000E+00  -2.6012235863639E-02
    0.0000000000000E+00   0.0000000000000E+00
    0.0000000000000E+00   0.0000000000000E+00
   -0.0000000000000E+00   7.0483690930040E-03
    1.7710833475500E-04   8.2149928549018E-05
    2.1762462804977E-05  -5.3392694284837E-04
    0.0000000000000E+00   0.0000000000000E+00
    0.0000000000000E+00   0.0000000000000E+00
    0.0000000000000E+00   0.0000000000000E+00
    0.0000000000000E+00   0.0000000000000E+00
   -0.0000000000000E+00  -1.6306939640558E-03
   -3.1060435246938E-05  -1.8163997164059E-05
    3.1081793086098E-07   3.3227000186110E-05
   -3.0513608373638E-07   9.5141459742792E-08
    4.0921724783401E-07  -1.2552321888421E-06
    0.0000000000000E+00   0.0000000000000E+00
    0.0000000000000E+00   0.0000000000000E+00
    0.0000000000000E+00   0.0000000000000E+00
    0.0000000000000E+00   0.0000000000000E+00
    0.0000000000000E+00   0.0000000000000E+00
    0.0000000000000E+00   0.0000000000000E+00
   -0.0000000000000E+00   9.6805842017358E-04
    1.6073689274447E-06   4.7966883369086E-05
   -8.8613316939094E-07  -1.0270665162731E-05
    1.2255138674254E-07  -3.6531783513789E-07
   -3.0440979984127E-08   2.0968021282348E-07
    2.6138455909870E-08  -5.5562346512070E-08
    6.9311114128341E-09   3.3678728009163E-09
    0.0000000000000E+00   0.0000000000000E+00
    0.0000000000000E+00   0.0000000000000E+00
    0.0000000000000E+00   0.0000000000000E+00
    0.0000000000000E+00   0.0000000000000E+00
    0.0000000000000E+00   0.0000000000000E+00
    0.0000000000000E+00   0.0000000000000E+00
    0.0000000000000E+00   0.0000000000000E+00
    0.0000000000000E+00   0.0000000000000E+00
   -0.0000000000000E+00  -2.6120282462899E-04
    1.2772639465379E-04   6.1498072060219E-05
    2.6253912742213E-06  -1.2874559238449E-05
   -1.6010472163776E-06   2.0595954706842E-06
    5.3414592983128E-08   9.6806093093048E-08
   -3.2493084088856E-08   1.3133231718494E-08
   -4.5192095689290E-09   1.2613698821401E-09
    1.4980041775717E-09   7.3485771368718E-10
    1.0416260807122E-10  -1.1143425974392E-10
    0.0000000000000E+00   0.0000000000000E+00
    0.0000000000000E+00   0.0000000000000E+00
    0.0000000000000E+00   0.0000000000000E+00
    0.0000000000000E+00   0.0000000000000E+00
    0.0000000000000E+00   0.0000000000000E+00
    0.0000000000000E+00   0.0000000000000E+00
    0.0000000000000E+00   0.0000000000000E+00
    0.0000000000000E+00   0.0000000000000E+00
    0.0000000000000E+00   0.0000000000000E+00
    0.0000000000000E+00   0.0000000000000E+00
   -0.0000000000000E+00  -7.1130434685559E-04
    3.8999418787079E-04  -2.0317260882856E-04
    1.6060466265720E-05  -1.2603823956028E-05
    5.5960986936936E-06  -4.1150389631537E-06
   -3.2858196550015E-07   3.4222709459170E-07
   -1.2250898558110E-08  -9.8967775524184E-09
   -1.1766279960125E-09  -6.6962156079605E-10
   -3.6922193550984E-10  -9.5755546342258E-11
   -5.1463594215184E-11   4.1426348476047E-11
   -7.4734554787785E-12   4.4184796006543E-12
   -2.8070180948198E-12   1.2940355942548E-12
   -0.0000000000000E+00  -1.0858011640153E-02
    0.0000000000000E+00   0.0000000000000E+00
    0.0000000000000E+00   0.0000000000000E+00
   -0.0000000000000E+00   4.7810353617063E-03
    1.1355388231735E-04   3.8233354282315E-05
    1.4223695951977E-05  -3.6640846269482E-04
    0.0000000000000E+00   0.0000000000000E+00
    0.0000000000000E+00   0.0000000000000E+00
    0.0000000000000E+00   0.0000000000000E+00
    0.0000000000000E+00   0.0000000000000E+00
   -0.0000000000000E+00  -1.0405956318711E-03
   -4.9933951737612E-06  -5.8841127105345E-06
    2.4468171820256E-06   2.0543878683899E-05
    4.9144921478340E-07   4.7301423409174E-07
    1.7193077923702E-07  -7.6685470731490E-07
    0.0000000000000E+00   0.0000000000000E+00
    0.0000000000000E+00   0.0000000000000E+00
    0.0000000000000E+00   0.0000000000000E+00
    0.0000000000000E+00   0.0000000000000E+00
    0.0000000000000E+00   0.0000000000000E+00
    0.0000000000000E+00   0.0000000000000E+00
   -0.0000000000000E+00   6.0302128503967E-04
   -3.1566760192630E-05   2.9997078784812E-05
    1.6250705059755E-06  -5.7560429891232E-06
   -3.6714488177577E-07  -2.7270965233294E-07
    4.3323536370254E-08   2.3568733310561E-08
    2.1745679645072E-08  -4.1459619637243E-08
    2.0115162939220E-09   6.6719177488736E-09
    0.0000000000000E+00   0.0000000000000E+00
    0.0000000000000E+00   0.0000000000000E+00
    0.0000000000000E+00   0.0000000000000E+00
    0.0000000000000E+00   0.0000000000000E+00
    0.0000000000000E+00   0.0000000000000E+00
    0.0000000000000E+00   0.0000000000000E+00
    0.0000000000000E+00   0.0000000000000E+00
    0.0000000000000E+00   0.0000000000000E+00
   -0.0000000000000E+00  -4.0711903092158E-04
    9.2032988244451E-05   8.6311079082575E-06
    5.8431536254572E-07  -2.2742831473283E-06
   -4.2685601488909E-07   1.1205963067198E-06
   -1.5262646140902E-08   2.8864345481790E-09
   -3.4647411075013E-09   5.8418598504875E-09
   -1.8040032706914E-09  -3.9623950309526E-10
    6.4532117753277E-10   7.5770726466159E-11
    7.7421376043727E-11  -7.6213676363450E-11
    0.0000000000000E+00   0.0000000000000E+00
    0.0000000000000E+00   0.0000000000000E+00
    0.0000000000000E+00   0.0000000000000E+00
    0.0000000000000E+00   0.0000000000000E+00
    0.0000000000000E+00   0.0000000000000E+00
    0.0000000000000E+00   0.0000000000000E+00
    0.0000000000000E+00   0.0000000000000E+00
    0.0000000000000E+00   0.0000000000000E+00
    0.0000000000000E+00   0.0000000000000E+00
    0.0000000000000E+00   0.0000000000000E+00
   -0.0000000000000E+00  -7.5262571464712E-04
   -7.7468664276709E-05  -6.9416308525028E-05
    1.5598762923077E-06  -1.3825263715479E-05
    4.6358966606182E-06  -1.9983516553406E-06
   -3.8804061470103E-07   5.2665449101500E-08
    1.3905208832442E-09   6.8130295538486E-09
   -1.3288417504814E-09  -1.5969231852238E-09
   -1.0560914235592E-10   1.9840404314597E-10
   -3.2839719910975E-11   1.0651898036487E-11
   -2.3213326476590E-12   4.8459135943191E-12
   -2.2721987006983E-13   6.1053713946326E-13
   -0.0000000000000E+00  -1.5090186059843E-03
    0.0000000000000E+00   0.0000000000000E+00
    0.0000000000000E+00   0.0000000000000E+00
   -0.0000000000000E+00   3.2874092967855E-03
    6.7573425165279E-05   4.6518851338360E-06
    8.6552279032526E-06  -2.5438776782088E-04
    0.0000000000000E+00   0.0000000000000E+00
    0.0000000000000E+00   0.0000000000000E+00
    0.0000000000000E+00   0.0000000000000E+00
    0.0000000000000E+00   0.0000000000000E+00
   -0.0000000000000E+00  -6.5278680293275E-04
   -4.4604683295637E-06  -1.8196388193979E-06
   -1.7792083669467E-07   1.4252192509443E-05
    7.2709223563010E-07   2.8978773432466E-07
    1.0967724543831E-07  -5.2974553823344E-07
    0.0000000000000E+00   0.0000000000000E+00
    0.0000000000000E+00   0.0000000000000E+00
    0.0000000000000E+00   0.0000000000000E+00
    0.0000000000000E+00   0.0000000000000E+00
    0.0000000000000E+00   0.0000000000000E+00
    0.0000000000000E+00   0.0000000000000E+00
   -0.0000000000000E+00   3.5447683264018E-04
   -6.0671937167629E-06   6.9388521919462E-06
    3.7750364987997E-06  -3.6093200802489E-06
   -1.1515058686467E-07  -6.6330732580033E-08
    8.6733697282832E-08  -5.2430880035149E-09
    3.0853796093811E-09  -1.8841731813555E-08
    2.2291248915527E-09   3.1359173076154E-09
    0.0000000000000E+00   0.0000000000000E+00
    0.0000000000000E+00   0.0000000000000E+00
    0.0000000000000E+00   0.0000000000000E+00
    0.0000000000000E+00   0.0000000000000E+00
    0.0000000000000E+00   0.0000000000000E+00
    0.0000000000000E+00   0.0000000000000E+00
    0.0000000000000E+00   0.0000000000000E+00
    0.0000000000000E+00   0.0000000000000E+00
   -0.0000000000000E+00  -2.1434390277816E-04
    3.9165717713813E-05  -2.6098818377682E-05
   -1.4548815991744E-06   1.5129748317181E-06
   -2.9725261920216E-07   3.9819311258112E-07
   -4.9388296146007E-09   1.3892896710047E-08
    1.9575446408419E-10  -7.3440900874817E-09
   -6.6981879461049E-10   8.3303292756656E-10
    1.0773086953216E-10   8.1143528824681E-11
    6.8299076372587E-11  -5.0010602227900E-11
    0.0000000000000E+00   0.0000000000000E+00
    0.0000000000000E+00   0.0000000000000E+00
    0.0000000000000E+00   0.0000000000000E+00
    0.0000000000000E+00   0.0000000000000E+00
    0.0000000000000E+00   0.0000000000000E+00
    0.0000000000000E+00   0.0000000000000E+00
    0.0000000000000E+00   0.0000000000000E+00
    0.0000000000000E+00   0.0000000000000E+00
    0.0000000000000E+00   0.0000000000000E+00
    0.0000000000000E+00   0.0000000000000E+00
   -0.0000000000000E+00   8.2584057343410E-04
   -7.0557029064562E-05  -4.3497293972933E-05
    8.6629499852821E-06  -7.6280100409617E-06
    1.3129886199394E-06  -5.2548270403928E-07
   -2.1595905492154E-07  -2.1283841698048E-08
   -1.0337551940716E-09  -5.0268045249191E-09
    1.9607012596677E-10  -7.3210107435600E-10
   -8.3250871314100E-11   8.5456325036816E-11
   -3.3489053626040E-11  -9.6586499198110E-12
   -2.7716937004713E-13  -3.3224713737117E-13
    1.2850639706390E-13  -7.8497770388263E-13
   -0.0000000000000E+00   4.0067553450374E-03
    0.0000000000000E+00   0.0000000000000E+00
    0.0000000000000E+00   0.0000000000000E+00
   -0.0000000000000E+00   2.2871284221598E-03
    5.1204373567938E-05  -4.5097337387886E-07
    3.8286351213864E-06  -1.7782367279631E-04
    0.0000000000000E+00   0.0000000000000E+00
    0.0000000000000E+00   0.0000000000000E+00
    0.0000000000000E+00   0.0000000000000E+00
    0.0000000000000E+00   0.0000000000000E+00
   -0.0000000000000E+00  -4.1159407879020E-04
   -8.7365712449930E-06  -3.2415528906482E-06
   -8.1896124502545E-07   8.6970967973076E-06
    4.9942761391083E-07  -2.4190203811040E-08
   -5.4143332744876E-09  -4.0002346498271E-07
    0.0000000000000E+00   0.0000000000000E+00
    0.0000000000000E+00   0.0000000000000E+00
    0.0000000000000E+00   0.0000000000000E+00
    0.0000000000000E+00   0.0000000000000E+00
    0.0000000000000E+00   0.0000000000000E+00
    0.0000000000000E+00   0.0000000000000E+00
   -0.0000000000000E+00   1.6970453841213E-04
   -2.5956117594922E-06   8.2708327349232E-07
    2.0491061944281E-06  -1.9460828118441E-06
   -1.0272133166364E-07  -8.2947078832533E-09
    6.3831095968469E-08  -9.8134266890445E-12
    2.1100262554411E-09  -1.2096213070784E-08
   -1.6821213528688E-10   2.0271571635301E-09
    0.0000000000000E+00   0.0000000000000E+00
    0.0000000000000E+00   0.0000000000000E+00
    0.0000000000000E+00   0.0000000000000E+00
    0.0000000000000E+00   0.0000000000000E+00
    0.0000000000000E+00   0.0000000000000E+00
    0.0000000000000E+00   0.0000000000000E+00
    0.0000000000000E+00   0.0000000000000E+00
    0.0000000000000E+00   0.0000000000000E+00
   -0.0000000000000E+00  -8.7821904912036E-05
    2.5557694384663E-06  -8.8703856472624E-06
   -8.5655299456398E-07   9.0076146599998E-07
   -2.1467158864921E-08   1.6502022880595E-07
   -4.0978062644156E-08   2.5387289239604E-08
    1.0171618193471E-09  -5.9803185881565E-09
   -5.1888970914702E-10   6.8659914177337E-10
   -7.2150095947808E-11   4.1550718068918E-11
    4.3992307837519E-12  -3.0969473510726E-11
    0.0000000000000E+00   0.0000000000000E+00
    0.0000000000000E+00   0.0000000000000E+00
    0.0000000000000E+00   0.0000000000000E+00
    0.0000000000000E+00   0.0000000000000E+00
    0.0000000000000E+00   0.0000000000000E+00
    0.0000000000000E+00   0.0000000000000E+00
    0.0000000000000E+00   0.0000000000000E+00
    0.0000000000000E+00   0.0000000000000E+00
    0.0000000000000E+00   0.0000000000000E+00
    0.0000000000000E+00   0.0000000000000E+00
   -0.0000000000000E+00   2.0824427422717E-04
   -4.1479846099999E-05  -5.1592314808739E-05
    2.9750057383295E-06  -3.6118933516376E-06
    1.2805071564215E-07  -2.6624677355770E-07
   -4.1984747621836E-08  -5.1721335718225E-08
    1.5157814909957E-09  -6.9481474411568E-10
    3.2645125441178E-10  -3.9675632158309E-11
    7.5148723951717E-11   5.0996810731559E-11
   -1.2985848913748E-11  -5.6616418379753E-12
   -6.3810433592571E-13  -4.7748512331313E-14
    1.2367167617806E-13  -4.4206211614542E-13
